0,145.8116
3600,169.3296
7200,174.0332
10800,230.4764
14400,202.2548
18000,141.108
21600,221.0692
25200,216.3656
28800,221.0692
32400,225.7728
36000,136.4044
39600,164.626
43200,136.4044
46800,159.9224
50400,192.8476
54000,164.626
57600,136.4044
61200,131.7008
64800,164.626
68400,131.7008
72000,136.4044
75600,169.3296
79200,141.108
82800,145.8116
86400,141.108
90000,145.8116
93600,174.0332
97200,145.8116
100800,141.108
104400,141.108
108000,164.626
111600,164.626
115200,136.4044
118800,164.626
122400,136.4044
126000,159.9224
129600,131.7008
133200,164.626
136800,136.4044
140400,136.4044
144000,164.626
147600,164.626
151200,103.4792
154800,136.4044
158400,164.626
162000,192.8476
165600,225.7728
169200,230.4764
172800,202.2548
176400,202.2548
180000,202.2548
183600,202.2548
187200,225.7728
190800,253.9944
194400,221.0692
198000,244.5872
201600,216.3656
205200,244.5872
208800,216.3656
212400,244.5872
216000,239.8836
219600,216.3656
223200,216.3656
226800,249.2908
230400,221.0692
234000,244.5872
237600,211.662
241200,216.3656
244800,216.3656
248400,221.0692
252000,202.2548
255600,202.2548
259200,202.2548
262800,202.2548
266400,197.5512
270000,174.0332
273600,141.108
277200,169.3296
280800,159.9224
284400,188.144
288000,188.144
291600,159.9224
295200,159.9224
298800,159.9224
302400,206.9584
306000,4339.207881
309600,2831.383381
313200,2675.736981
316800,2500.634781
320400,2471.451081
324000,2082.335081
327600,1868.474264
331200,1362.623464
334800,1411.262964
338400,1411.262964
342000,1362.623464
345600,1372.351364
349200,1304.256064
352800,1138.881764
356400,1129.153864
360000,1177.793364
363600,1148.609664
367200,2500.787764
370800,2928.662381
374400,3055.125081
378000,2831.383381
381600,2880.022881
385200,2685.464881
388800,2568.730081
392400,2335.260481
396000,2150.430381
399600,2276.893081
403200,2675.736981
406800,2957.846081
410400,2841.111281
414000,2403.508764
417600,1849.018464
421200,1644.732564
424800,1411.262964
428400,1479.358264
432000,1372.351364
435600,1489.086164
439200,1489.086164
442800,1430.718764
446400,1420.990864
450000,1440.446664
453600,2627.250464
457200,2704.920681
460800,2568.730081
464400,2422.811581
468000,2403.355781
471600,2490.906881
475200,2724.376481
478800,2627.097481
482400,2724.376481
486000,2782.743881
489600,2743.832281
493200,2704.920681
496800,2364.444181
500400,1819.834764
504000,1605.820964
507600,1489.086164
511200,1537.725664
514800,1489.086164
518400,1489.086164
522000,1489.086164
525600,1557.181464
529200,1479.358264
532800,1459.902464
536400,1489.086164
540000,2714.801564
543600,2860.567081
547200,2880.022881
550800,2773.015981
554400,2520.090581
558000,2315.804681
561600,2306.076781
565200,2053.151381
568800,1576.484281
572400,2237.981481
576000,2140.702481
579600,2111.518781
583200,1868.321281
586800,1323.711864
590400,924.8679639
594000,798.4052639
597600,944.3237639
601200,837.3168639
604800,905.4121639
608400,847.0447639
612000,954.0516639
615600,1022.146964
619200,1002.691164
622800,915.1400639
626400,1965.753264
630000,2617.369581
633600,2510.362681
637200,2228.253581
640800,2092.062981
644400,1965.600281
648000,1907.232881
651600,1751.586481
655200,1605.667981
658800,1722.402781
662400,1936.416581
666000,2014.239781
669600,1625.123781
673200,1070.786464
676800,817.8610639
680400,740.0378639
684000,827.5889639
687600,895.6842639
691200,915.1400639
694800,895.6842639
698400,915.1400639
702000,895.6842639
705600,662.2146639
709200,1099.970164
712800,1926.841664
716400,2607.641681
720000,2529.818481
723600,2218.525681
727200,1946.144481
730800,1809.953881
734400,2023.967681
738000,1897.504981
741600,914.9870807
745200,460.9528
748800,517.396
752400,507.9888
756000,451.5456
759600,487.1124639
763200,438.4729639
766800,467.6566639
770400,409.2892639
774000,487.1124639
777600,428.7450639
781200,545.4798639
784800,487.1124639
788400,1138.881764
792000,594.1193639
795600,652.4867639
799200,613.5751639
802800,691.2453807
806400,573.8392
810000,512.6924
813600,437.4348
817200,517.396
820800,324.5484
824400,352.77
828000,301.0304
831600,409.2132
835200,352.77
838800,404.5096
842400,399.806
846000,438.4729639
849600,496.8403639
853200,506.5682639
856800,477.3845639
860400,477.3845639
864000,545.4798639
867600,487.1124639
871200,428.7450639
874800,487.1124639
878400,467.6566639
882000,409.2892639
885600,1090.242264
889200,1615.395881
892800,1362.470481
896400,1557.028481
900000,1615.395881
903600,1498.661081
907200,1343.014681
910800,1362.470481
914400,1041.449781
918000,1099.817181
921600,1255.463581
925200,1294.375181
928800,1167.912481
932400,1148.609664
936000,827.5889639
939600,1352.895564
943200,759.4936639
946800,1012.419064
950400,1138.881764
954000,1129.153864
957600,1129.153864
961200,1070.786464
964800,1002.691164
968400,1090.242264
972000,1751.739464
975600,2529.818481
979200,2199.069881
982800,2082.335081
986400,1858.593381
990000,1848.865481
993600,1654.307481
997200,1605.667981
1000800,1333.286781
1004400,1722.402781
1008000,1819.681781
1011600,1848.865481
1015200,1702.946981
1018800,1566.909364
1022400,1323.711864
1026000,1245.888664
1029600,1061.058564
1033200,1129.153864
1036800,1138.881764
1040400,1080.514364
1044000,1129.153864
1047600,1138.881764
1051200,1177.793364
1054800,1148.609664
1058400,2024.120664
1062000,2646.553281
1065600,2704.920681
1069200,2257.437281
1072800,2092.062981
1076400,1858.593381
1080000,1985.056081
1083600,1809.953881
1087200,1819.681781
1090800,1936.416581
1094400,2199.069881
1098000,2150.430381
1101600,1848.865481
1105200,1625.276764
1108800,1158.337564
1112400,1080.514364
1116000,1129.153864
1119600,1138.881764
1123200,1313.983964
1126800,1255.616564
1130400,1265.344464
1134000,1245.888664
1137600,1245.888664
1141200,1265.344464
1144800,2131.127564
1148400,2578.457981
1152000,2743.832281
1155600,2296.348881
1159200,2189.341981
1162800,1839.137581
1166400,1771.042281
1170000,1819.681781
1173600,1829.409681
1177200,2150.430381
1180800,2053.151381
1184400,2179.614081
1188000,2004.511881
1191600,1557.181464
1195200,1158.337564
1198800,1080.514364
1202400,1061.058564
1206000,1080.514364
1209600,1129.153864
1213200,1605.820964
1216800,905.4121639
1220400,1022.146964
1224000,1187.521264
1227600,1206.977064
1231200,2179.767064
1234800,2510.362681
1238400,2403.355781
1242000,2374.172081
1245600,2325.532581
1249200,2403.355781
1252800,2247.709381
1256400,2199.069881
1260000,1955.872381
1263600,2092.062981
1267200,2218.525681
1270800,2101.790881
1274400,1878.049181
1278000,1712.827864
1281600,1138.881764
1285200,1090.242264
1288800,1119.425964
1292400,954.0516639
1296000,1022.146964
1299600,1090.242264
1303200,1138.881764
1306800,1138.881764
1310400,1129.153864
1314000,1216.704964
1317600,1975.481164
1321200,2315.804681
1324800,2267.165181
1328400,2257.437281
1332000,2714.648581
1335600,2646.553281
1339200,2315.804681
1342800,2315.804681
1346400,1294.375181
1350000,632.8779807
1353600,587.95
1357200,876.0754807
1360800,856.6196807
1364400,1129.153864
1368000,1206.977064
1371600,1187.521264
1375200,1343.167664
1378800,1236.160764
1382400,1313.983964
1386000,1255.616564
1389600,1197.249164
1393200,1304.256064
1396800,1304.256064
1400400,1275.072364
1404000,1226.432864
1407600,953.8986807
1411200,905.2591807
1414800,788.5243807
1418400,730.1569807
1422000,1323.558881
1425600,1236.007781
1429200,1060.905581
1432800,1012.266081
1436400,700.9732807
1440000,856.6196807
1443600,846.8917807
1447200,944.1707807
1450800,1031.874864
1454400,1148.609664
1458000,1119.425964
1461600,1177.793364
1465200,1304.256064
1468800,1323.711864
1472400,1197.249164
1476000,1245.888664
1479600,1313.983964
1483200,1284.800264
1486800,1430.718764
1490400,2325.685564
1494000,2636.825381
1497600,3424.785281
1501200,3142.676181
1504800,2821.655481
1508400,2831.383381
1512000,2617.369581
1515600,2539.546381
1519200,2461.723181
1522800,2578.457981
1526400,2675.736981
1530000,2607.641681
1533600,2325.532581
1537200,1839.290564
1540800,1294.528164
1544400,1187.521264
1548000,1401.535064
1551600,1304.256064
1555200,1313.983964
1558800,1255.616564
1562400,1080.514364
1566000,1313.983964
1569600,1352.895564
1573200,1323.711864
1576800,2208.950764
1580400,2617.369581
1584000,3259.410981
1587600,2938.390281
1591200,2734.104381
1594800,2597.913781
1598400,2588.185881
1602000,2422.811581
1605600,2286.620981
1609200,2413.083681
1612800,2393.627881
1616400,2500.634781
1620000,2111.518781
1623600,1839.290564
1627200,1294.528164
1630800,1177.793364
1634400,1061.058564
1638000,1129.153864
1641600,1265.344464
1645200,1197.249164
1648800,1255.616564
1652400,1362.623464
1656000,1352.895564
1659600,1547.453564
1663200,2539.699364
1666800,2948.118181
1670400,3045.397181
1674000,3191.315681
1677600,3356.689981
1681200,3103.764581
1684800,3181.587781
1688400,2977.301881
1692000,2675.736981
1695600,2957.846081
1699200,2987.029781
1702800,2918.934481
1706400,2636.825381
1710000,1411.262964
1713600,1022.146964
1717200,905.4121639
1720800,1002.691164
1724400,1012.419064
1728000,905.4121639
1731600,1022.146964
1735200,954.0516639
1738800,963.7795639
1742400,1177.793364
1746000,1255.616564
1749600,2491.059864
1753200,3327.506281
1756800,3395.601581
1760400,3074.580881
1764000,3239.955181
1767600,3074.580881
1771200,3006.485581
1774800,2850.839181
1778400,2782.743881
1782000,3064.852981
1785600,3230.227281
1789200,3113.492481
1792800,2607.641681
1796400,1479.358264
1800000,1090.242264
1803600,1022.146964
1807200,1168.065464
1810800,1080.514364
1814400,963.7795639
1818000,963.7795639
1821600,973.5074639
1825200,895.6842639
1828800,954.0516639
1832400,1265.344464
1836000,2277.046064
1839600,3405.329481
1843200,3259.410981
1846800,3045.397181
1850400,2957.846081
1854000,2918.934481
1857600,2909.206581
1861200,2685.464881
1864800,2325.532581
1868400,2607.641681
1872000,2734.104381
1875600,2685.464881
1879200,2403.355781
1882800,1216.704964
1886400,992.9632639
1890000,1022.146964
1893600,1129.153864
1897200,1197.249164
1900800,1022.146964
1904400,1148.609664
1908000,1333.439764
1911600,1206.977064
1915200,1304.256064
1918800,1226.432864
1922400,2432.692464
1926000,3726.350181
1929600,3483.152681
1933200,3337.234181
1936800,3201.043581
1940400,3239.955181
1944000,3074.580881
1947600,3113.492481
1951200,1401.382081
1954800,846.8917807
1958400,905.2591807
1962000,720.4290807
1965600,876.0754807
1969200,1129.153864
1972800,1051.330664
1976400,1197.249164
1980000,1177.793364
1983600,1255.616564
1987200,1206.977064
1990800,1265.344464
1994400,1206.977064
1998000,1255.616564
2001600,1245.888664
2005200,1284.800264
2008800,1168.065464
2012400,914.9870807
2016000,739.8848807
2019600,866.3475807
2023200,691.2453807
2026800,592.6536
2030400,587.95
2034000,545.6176
2037600,460.9528
2041200,578.5428
2044800,592.6536
2048400,536.2104
2052000,583.2464
2055600,866.5005639
2059200,934.5958639
2062800,963.7795639
2066400,885.9563639
2070000,856.7726639
2073600,905.4121639
2077200,915.1400639
2080800,905.4121639
2084400,895.6842639
2088000,1061.058564
2091600,1430.718764
2095200,2452.148264
2098800,3551.247981
2102400,3522.064281
2106000,3035.669281
2109600,2773.015981
2113200,2646.553281
2116800,2364.444181
2120400,2276.893081
2124000,1809.953881
2127600,2189.341981
2131200,1790.498081
2134800,2062.879281
2138400,1664.035381
2142000,1323.711864
2145600,710.8541639
2149200,740.0378639
2152800,769.2215639
2156400,788.6773639
2160000,847.0447639
2163600,788.6773639
2167200,905.4121639
2170800,788.6773639
2174400,895.6842639
2178000,973.5074639
2181600,1965.753264
2185200,2549.274281
2188800,2403.355781
2192400,2062.879281
2196000,1800.225981
2199600,1790.498081
2203200,1800.225981
2206800,1469.477381
2210400,1197.096181
2214000,1537.572681
2217600,1654.307481
2221200,1712.674881
2224800,1508.388981
2228400,1284.800264
2232000,827.5889639
2235600,798.4052639
2239200,769.2215639
2242800,545.4798639
2246400,740.0378639
2250000,671.9425639
2253600,662.2146639
2257200,671.9425639
2260800,662.2146639
2264400,924.8679639
2268000,1635.004664
2271600,2130.974581
2275200,1848.865481
2278800,1712.674881
2282400,1488.933181
2286000,1411.109981
2289600,1440.293681
2293200,1333.286781
2296800,1060.905581
2300400,1411.109981
2304000,1352.742581
2307600,1391.654181
2311200,1206.824081
2314800,973.5074639
2318400,545.4798639
2322000,526.0240639
2325600,535.7519639
2329200,487.1124639
2332800,555.2077639
2336400,487.1124639
2340000,496.8403639
2343600,487.1124639
2347200,535.7519639
2350800,642.7588639
2354400,1313.983964
2358000,1771.042281
2361600,1488.933181
2365200,1498.661081
2368800,1274.919381
2372400,1060.905581
2376000,983.0823807
2379600,817.7080807
2383200,652.3337807
2386800,1051.177681
2390400,1090.089281
2394000,1080.361381
2397600,895.5312807
2401200,808.1331639
2404800,555.2077639
2408400,457.9287639
2412000,535.7519639
2415600,613.5751639
2419200,496.8403639
2422800,487.1124639
2426400,555.2077639
2430000,496.8403639
2433600,603.8472639
2437200,808.1331639
2440800,1382.079264
2444400,1887.777081
2448000,1605.667981
2451600,1352.742581
2455200,1187.368281
2458800,953.8986807
2462400,1041.449781
2466000,827.4359807
2469600,550.3212
2473200,944.1707807
2476800,1041.449781
2480400,1576.484281
2484000,1226.279881
2487600,652.4867639
2491200,496.8403639
2494800,305.734
2498400,594.1193639
2502000,487.1124639
2505600,496.8403639
2509200,496.8403639
2512800,487.1124639
2516400,496.8403639
2520000,603.8472639
2523600,477.3845639
2527200,1119.425964
2530800,2364.444181
2534400,1946.144481
2538000,1790.498081
2541600,1634.851681
2545200,1352.742581
2548800,1265.191481
2552400,1284.647281
2556000,418.6204
2559600,465.6564
2563200,380.9916
2566800,376.288
2570400,324.5484
2574000,487.1124639
2577600,564.9356639
2581200,457.9287639
2584800,535.7519639
2588400,545.4798639
2592000,428.7450639
2595600,438.4729639
2599200,545.4798639
2602800,496.8403639
2606400,428.7450639
2610000,477.3845639
2613600,457.9287639
2617200,409.2132
2620800,385.6952
2624400,357.4736
2628000,357.4736
2631600,277.5124
2635200,301.0304
2638800,329.252
2642400,333.9556
2646000,329.252
2649600,362.1772
2653200,324.5484
2656800,380.9916
2660400,331.4660639
2664000,496.8403639
2667600,409.2892639
2671200,477.3845639
2674800,428.7450639
2678400,428.7450639
2682000,438.4729639
2685600,370.3776639
2689200,487.1124639
2692800,360.6497639
2696400,633.0309639
2700000,1265.344464
2703600,2160.158281
2707200,1868.321281
2710800,2461.723181
2714400,2014.239781
2718000,1829.409681
2721600,1576.484281
2725200,1644.579581
2728800,817.7080807
2732400,1099.817181
2736000,1090.089281
2739600,1284.647281
2743200,1051.177681
2746800,866.5005639
2750400,778.9494639
2754000,633.0309639
2757600,710.8541639
2761200,662.2146639
2764800,613.5751639
2768400,613.5751639
2772000,720.5820639
2775600,730.3099639
2779200,662.2146639
2782800,866.5005639
2786400,1761.467364
2790000,1994.783981
2793600,1751.586481
2797200,1722.402781
2800800,1391.654181
2804400,1274.919381
2808000,1245.735681
2811600,983.0823807
2815200,573.8392
2818800,1158.184581
2822400,1148.456681
2826000,1343.014681
2829600,1099.817181
2833200,1041.602764
2836800,662.2146639
2840400,574.6635639
2844000,477.3845639
2847600,496.8403639
2851200,487.1124639
2854800,487.1124639
2858400,496.8403639
2862000,487.1124639
2865600,477.3845639
2869200,642.7588639
2872800,1206.977064
2876400,1557.028481
2880000,2111.518781
2883600,1673.763281
2887200,1459.749481
2890800,1333.286781
2894400,1304.103081
2898000,1255.463581
2901600,924.7149807
2905200,983.0823807
2908800,914.9870807
2912400,1002.538181
2916000,944.1707807
2919600,710.8541639
2923200,438.4729639
2926800,749.7657639
2930400,477.3845639
2934000,1070.786464
2937600,1022.146964
2941200,954.0516639
2944800,856.7726639
2948400,837.3168639
2952000,1352.895564
2955600,1323.711864
2959200,2131.127564
2962800,2247.709381
2966400,2286.620981
2970000,2335.260481
2973600,2286.620981
2977200,2150.430381
2980800,2053.151381
2984400,2023.967681
2988000,1372.198381
2991600,1819.681781
2995200,1693.219081
2998800,2043.423481
3002400,1790.498081
3006000,1187.521264
3009600,827.5889639
3013200,740.0378639
3016800,827.5889639
3020400,847.0447639
3024000,847.0447639
3027600,856.7726639
3031200,837.3168639
3034800,788.6773639
3038400,837.3168639
3042000,1041.602764
3045600,1683.644164
3049200,2286.620981
3052800,2403.355781
3056400,2014.239781
3060000,1741.858581
3063600,1625.123781
3067200,1411.109981
3070800,1430.565781
3074400,1148.456681
3078000,1430.565781
3081600,1527.844781
3085200,1654.307481
3088800,1469.477381
3092400,1129.153864
3096000,769.2215639
3099600,749.7657639
3103200,710.8541639
3106800,671.9425639
3110400,788.6773639
3114000,788.6773639
3117600,847.0447639
3121200,730.3099639
3124800,885.9563639
3128400,710.8541639
3132000,1654.460464
3135600,2276.893081
3139200,2189.341981
3142800,1790.498081
3146400,1634.851681
3150000,1566.756381
3153600,1693.219081
3157200,1702.946981
3160800,759.3406807
3164400,522.0996
3168000,404.5096
3171600,507.9888
3175200,475.0636
3178800,652.4867639
3182400,662.2146639
3186000,633.0309639
3189600,720.5820639
3193200,720.5820639
3196800,613.5751639
3200400,730.3099639
3204000,730.3099639
3207600,671.9425639
3211200,662.2146639
3214800,642.7588639
3218400,671.9425639
3222000,489.1744
3225600,489.1744
3229200,460.9528
3232800,437.4348
3236400,456.2492
3240000,428.0276
3243600,437.4348
3247200,432.7312
3250800,517.396
3254400,493.878
3258000,479.7672
3261600,479.7672
3265200,603.8472639
3268800,603.8472639
3272400,633.0309639
3276000,594.1193639
3279600,662.2146639
3283200,613.5751639
3286800,545.4798639
3290400,613.5751639
3294000,603.8472639
3297600,594.1193639
3301200,749.7657639
3304800,1420.990864
3308400,2033.695581
3312000,1790.498081
3315600,1605.667981
3319200,1323.558881
3322800,1216.551981
3326400,1391.654181
3330000,1741.858581
3333600,1313.830981
3337200,1381.926281
3340800,1586.212181
3344400,1557.028481
3348000,1430.565781
3351600,759.4936639
3355200,487.1124639
3358800,457.9287639
3362400,535.7519639
3366000,555.2077639
3369600,428.7450639
3373200,603.8472639
3376800,487.1124639
3380400,496.8403639
3384000,477.3845639
3387600,642.7588639
3391200,1479.358264
3394800,2646.553281
3398400,1926.688681
3402000,1625.123781
3405600,1469.477381
3409200,1459.749481
3412800,1197.096181
3416400,1255.463581
3420000,1313.830981
3423600,1362.470481
3427200,1420.837881
3430800,1615.395881
3434400,1488.933181
3438000,808.1331639
3441600,720.5820639
3445200,516.2961639
3448800,467.6566639
3452400,370.3776639
3456000,370.3776639
3459600,419.0171639
3463200,428.7450639
3466800,487.1124639
3470400,419.0171639
3474000,749.7657639
3477600,1255.616564
3481200,2422.811581
3484800,1985.056081
3488400,2004.511881
3492000,2043.423481
3495600,2627.097481
3499200,2150.430381
3502800,2111.518781
3506400,1809.953881
3510000,2481.178981
3513600,2130.974581
3517200,2831.383381
3520800,1897.504981
3524400,1187.521264
3528000,769.2215639
3531600,856.7726639
3535200,827.5889639
3538800,778.9494639
3542400,788.6773639
3546000,778.9494639
3549600,778.9494639
3553200,847.0447639
3556800,778.9494639
3560400,973.5074639
3564000,1849.018464
3567600,3055.125081
3571200,2627.097481
3574800,2344.988381
3578400,2364.444181
3582000,2403.355781
3585600,2121.246681
3589200,1586.212181
3592800,1634.851681
3596400,1693.219081
3600000,1751.586481
3603600,1722.402781
3607200,1683.491181
3610800,1177.793364
3614400,817.8610639
3618000,740.0378639
3621600,827.5889639
3625200,847.0447639
3628800,788.6773639
3632400,720.5820639
3636000,730.3099639
3639600,778.9494639
3643200,778.9494639
3646800,866.5005639
3650400,1751.739464
3654000,2189.341981
3657600,2023.967681
3661200,1887.777081
3664800,1819.681781
3668400,1488.933181
3672000,1401.382081
3675600,1819.681781
3679200,1488.933181
3682800,1469.477381
3686400,1605.667981
3690000,1634.851681
3693600,1411.109981
3697200,1022.146964
3700800,603.8472639
3704400,574.6635639
3708000,652.4867639
3711600,662.2146639
3715200,545.4798639
3718800,603.8472639
3722400,895.6842639
3726000,1138.881764
3729600,1119.425964
3733200,983.2353639
3736800,1926.841664
3740400,2315.804681
3744000,2130.974581
3747600,2383.899981
3751200,1985.056081
3754800,1946.144481
3758400,1780.770181
3762000,1527.844781
3765600,700.9732807
3769200,460.9528
3772800,536.2104
3776400,451.5456
3780000,451.5456
3783600,642.7588639
3787200,671.9425639
3790800,623.3030639
3794400,535.7519639
3798000,545.4798639
3801600,428.7450639
3805200,419.0171639
3808800,545.4798639
3812400,555.2077639
3816000,477.3845639
3819600,409.2892639
3823200,506.5682639
3826800,380.9916
3830400,432.7312
3834000,380.9916
3837600,432.7312
3841200,456.2492
3844800,348.0664
3848400,409.2132
3852000,385.6952
3855600,329.252
3859200,409.2132
3862800,592.6536
3866400,507.9888
3870000,759.4936639
3873600,778.9494639
3877200,740.0378639
3880800,701.1262639
3884400,662.2146639
3888000,847.0447639
3891600,788.6773639
3895200,837.3168639
3898800,827.5889639
3902400,827.5889639
3906000,1031.874864
3909600,2072.760164
3913200,2627.097481
3916800,2325.532581
3920400,2306.076781
3924000,2237.981481
3927600,2228.253581
3931200,2121.246681
3934800,2033.695581
3938400,1780.770181
3942000,2014.239781
3945600,1994.783981
3949200,2072.607181
3952800,2179.614081
3956400,1129.153864
3960000,710.8541639
3963600,691.3983639
3967200,837.3168639
3970800,837.3168639
3974400,788.6773639
3978000,788.6773639
3981600,788.6773639
3985200,788.6773639
3988800,769.2215639
3992400,866.5005639
3996000,1751.739464
3999600,2792.471781
4003200,2617.369581
4006800,2442.267381
4010400,2325.532581
4014000,2364.444181
4017600,2413.083681
4021200,1595.940081
4024800,1722.402781
4028400,1741.858581
4032000,1848.865481
4035600,1761.314381
4039200,1479.205281
4042800,1294.528164
4046400,1099.970164
4050000,856.7726639
4053600,710.8541639
4057200,730.3099639
4060800,662.2146639
4064400,730.3099639
4068000,788.6773639
4071600,720.5820639
4075200,778.9494639
4078800,915.1400639
4082400,1703.099964
4086000,2189.341981
4089600,2267.165181
4093200,1955.872381
4096800,1897.504981
4100400,1868.321281
4104000,1771.042281
4107600,1722.402781
4111200,1527.844781
4114800,1586.212181
4118400,1907.232881
4122000,1916.960781
4125600,2062.879281
4129200,1236.160764
4132800,837.3168639
4136400,798.4052639
4140000,837.3168639
4143600,837.3168639
4147200,788.6773639
4150800,905.4121639
4154400,905.4121639
4158000,847.0447639
4161600,895.6842639
4165200,1090.242264
4168800,2082.488064
4172400,2471.451081
4176000,2306.076781
4179600,2344.988381
4183200,2169.886181
4186800,2101.790881
4190400,1975.328181
4194000,1897.504981
4197600,1683.491181
4201200,1858.593381
4204800,1858.593381
4208400,1887.777081
4212000,1634.851681
4215600,1294.528164
4219200,769.2215639
4222800,633.0309639
4226400,769.2215639
4230000,730.3099639
4233600,662.2146639
4237200,730.3099639
4240800,788.6773639
4244400,778.9494639
4248000,720.5820639
4251600,983.2353639
4255200,1742.011564
4258800,2199.069881
4262400,2208.797781
4266000,1790.498081
4269600,1576.484281
4273200,1566.756381
4276800,1926.688681
4280400,1537.572681
4284000,1274.919381
4287600,1440.293681
4291200,1712.674881
4294800,1887.777081
4298400,1255.463581
4302000,973.5074639
4305600,671.9425639
4309200,574.6635639
4312800,535.7519639
4316400,545.4798639
4320000,555.2077639
4323600,662.2146639
4327200,730.3099639
4330800,788.6773639
4334400,827.5889639
4338000,817.8610639
4341600,1839.290564
4345200,2286.620981
4348800,2247.709381
4352400,2169.886181
4356000,2111.518781
4359600,2043.423481
4363200,1946.144481
4366800,1858.593381
4370400,1333.286781
4374000,489.1744
4377600,522.0996
4381200,479.7672
4384800,507.9888
4388400,701.1262639
4392000,788.6773639
4395600,749.7657639
4399200,710.8541639
4402800,720.5820639
4406400,788.6773639
4410000,740.0378639
4413600,720.5820639
4417200,730.3099639
4420800,730.3099639
4424400,652.4867639
4428000,671.9425639
4431600,517.396
4435200,460.9528
4438800,409.2132
4442400,413.9168
4446000,380.9916
4449600,357.4736
4453200,329.252
4456800,277.5124
4460400,329.252
4464000,442.1384
4467600,404.5096
4471200,428.0276
4474800,652.4867639
4478400,496.8403639
4482000,574.6635639
4485600,487.1124639
4489200,545.4798639
4492800,496.8403639
4496400,555.2077639
4500000,555.2077639
4503600,545.4798639
4507200,477.3845639
4510800,691.3983639
4514400,1420.990864
4518000,1819.681781
4521600,1586.212181
4525200,1216.551981
4528800,1158.184581
4532400,1002.538181
4536000,749.6127807
4539600,749.6127807
4543200,876.0754807
4546800,1304.103081
4550400,1265.191481
4554000,1187.368281
4557600,1109.545081
4561200,973.5074639
4564800,496.8403639
4568400,516.2961639
4572000,419.0171639
4575600,315.1412
4579200,545.4798639
4582800,315.1412
4586400,603.8472639
4590000,545.4798639
4593600,487.1124639
4597200,691.3983639
4600800,1265.344464
4604400,1605.667981
4608000,1255.463581
4611600,944.1707807
4615200,827.4359807
4618800,720.4290807
4622400,691.2453807
4626000,573.8392
4629600,550.3212
4633200,602.0608
4636800,652.3337807
4640400,914.9870807
4644000,778.7964807
4647600,710.8541639
4651200,545.4798639
4654800,516.2961639
4658400,419.0171639
4662000,428.7450639
4665600,487.1124639
4669200,370.3776639
4672800,428.7450639
4676400,555.2077639
4680000,477.3845639
4683600,642.7588639
4687200,1362.623464
4690800,1664.035381
4694400,1547.300581
4698000,1352.742581
4701600,1391.654181
4705200,1343.014681
4708800,1021.993981
4712400,1323.558881
4716000,924.7149807
4719600,1158.184581
4723200,1206.824081
4726800,1226.279881
4730400,1158.184581
4734000,924.8679639
4737600,496.8403639
4741200,457.9287639
4744800,545.4798639
4748400,545.4798639
4752000,545.4798639
4755600,603.8472639
4759200,555.2077639
4762800,545.4798639
4766400,545.4798639
4770000,574.6635639
4773600,1372.351364
4777200,1547.300581
4780800,1537.572681
4784400,1508.388981
4788000,1167.912481
4791600,1109.545081
4795200,1897.504981
4798800,1644.579581
4802400,1761.314381
4806000,2043.423481
4809600,1907.232881
4813200,1985.056081
4816800,1916.960781
4820400,866.5005639
4824000,710.8541639
4827600,633.0309639
4831200,594.1193639
4834800,613.5751639
4838400,603.8472639
4842000,671.9425639
4845600,662.2146639
4849200,720.5820639
4852800,720.5820639
4856400,973.5074639
4860000,1644.732564
4863600,2792.471781
4867200,2802.199681
4870800,2344.988381
4874400,2286.620981
4878000,2276.893081
4881600,2004.511881
4885200,1907.232881
4888800,1741.858581
4892400,1926.688681
4896000,1916.960781
4899600,1878.049181
4903200,1683.491181
4906800,808.1331639
4910400,506.5682639
4914000,457.9287639
4917600,594.1193639
4921200,662.2146639
4924800,613.5751639
4928400,671.9425639
4932000,603.8472639
4935600,613.5751639
4939200,603.8472639
4942800,691.3983639
4946400,1440.446664
4950000,2072.607181
4953600,1751.586481
4957200,1450.021581
4960800,1226.279881
4964400,1216.551981
4968000,1177.640381
4971600,1304.103081
4975200,569.1356
4978800,460.9528
4982400,409.2132
4986000,404.5096
4989600,423.324
4993200,487.1124639
4996800,506.5682639
5000400,457.9287639
5004000,535.7519639
5007600,487.1124639
5011200,487.1124639
5014800,496.8403639
5018400,545.4798639
5022000,545.4798639
5025600,545.4798639
5029200,535.7519639
5032800,506.5682639
5036400,437.4348
5040000,432.7312
5043600,437.4348
5047200,437.4348
5050800,460.9528
5054400,428.0276
5058000,409.2132
5061600,385.6952
5065200,385.6952
5068800,409.2132
5072400,432.7312
5076000,503.2852
5079600,710.8541639
5083200,496.8403639
5086800,506.5682639
5090400,594.1193639
5094000,535.7519639
5097600,603.8472639
5101200,671.9425639
5104800,671.9425639
5108400,720.5820639
5112000,710.8541639
5115600,866.5005639
5119200,1635.004664
5122800,1936.416581
5126400,2082.335081
5130000,1897.504981
5133600,1946.144481
5137200,1664.035381
5140800,1897.504981
5144400,1741.858581
5148000,1547.300581
5151600,1605.667981
5155200,1605.667981
5158800,1722.402781
5162400,1644.579581
5166000,1459.902464
5169600,944.3237639
5173200,808.1331639
5176800,652.4867639
5180400,730.3099639
5184000,662.2146639
5187600,671.9425639
5191200,778.9494639
5194800,671.9425639
5198400,652.4867639
5202000,817.8610639
5205600,1527.997764
5209200,2101.790881
5212800,2383.899981
5216400,2082.335081
5220000,1809.953881
5223600,1576.484281
5227200,1488.933181
5230800,1381.926281
5234400,1284.647281
5238000,1391.654181
5241600,1547.300581
5245200,1576.484281
5248800,1527.844781
5252400,963.7795639
5256000,603.8472639
5259600,574.6635639
5263200,526.0240639
5266800,545.4798639
5270400,555.2077639
5274000,545.4798639
5277600,545.4798639
5281200,545.4798639
5284800,594.1193639
5288400,691.3983639
5292000,1790.651064
5295600,2247.709381
5299200,2685.464881
5302800,2539.546381
5306400,2179.614081
5310000,2033.695581
5313600,2237.981481
5317200,2364.444181
5320800,2101.790881
5324400,2568.730081
5328000,2656.281181
5331600,2597.913781
5335200,2568.730081
5338800,1868.474264
5342400,1586.365164
5346000,1304.256064
5349600,1352.895564
5353200,1245.888664
5356800,1313.983964
5360400,1372.351364
5364000,1323.711864
5367600,1304.256064
5371200,1236.160764
5374800,1323.711864
5378400,1897.657964
5382000,2763.288081
5385600,2773.015981
5389200,2656.281181
5392800,2539.546381
5396400,2257.437281
5400000,2199.069881
5403600,2169.886181
5407200,1878.049181
5410800,1878.049181
5414400,1936.416581
5418000,2004.511881
5421600,1848.865481
5425200,1109.698064
5428800,817.8610639
5432400,681.6704639
5436000,769.2215639
5439600,788.6773639
5443200,720.5820639
5446800,788.6773639
5450400,778.9494639
5454000,847.0447639
5457600,778.9494639
5461200,749.7657639
5464800,1596.093064
5468400,2588.185881
5472000,2451.995281
5475600,2267.165181
5479200,2218.525681
5482800,1868.321281
5486400,1819.681781
5490000,1673.763281
5493600,749.6127807
5497200,432.7312
5500800,428.0276
5504400,428.0276
5508000,423.324
5511600,535.7519639
5515200,555.2077639
5518800,856.7726639
5522400,526.0240639
5526000,545.4798639
5529600,545.4798639
5533200,720.5820639
5536800,671.9425639
5540400,662.2146639
5544000,720.5820639
5547600,584.3914639
5551200,1061.058564
5554800,1080.361381
5558400,807.9801807
5562000,710.7011807
5565600,578.5428
5569200,573.8392
5572800,512.6924
5576400,545.6176
5580000,545.6176
5583600,597.3572
5587200,1226.279881
5590800,1021.993981
5594400,1002.538181
5598000,1304.256064
5601600,1275.072364
5605200,1187.521264
5608800,1002.691164
5612400,720.5820639
5616000,671.9425639
5619600,662.2146639
5623200,730.3099639
5626800,662.2146639
5630400,652.4867639
5634000,973.5074639
5637600,1800.378964
5641200,2607.641681
5644800,2461.723181
5648400,2325.532581
5652000,2101.790881
5655600,2199.069881
5659200,2101.790881
5662800,2111.518781
5666400,1955.872381
5670000,1741.858581
5673600,1683.491181
5677200,1751.586481
5680800,1625.123781
5684400,1391.807164
5688000,876.2284639
5691600,740.0378639
5695200,710.8541639
5698800,847.0447639
5702400,720.5820639
5706000,788.6773639
5709600,603.8472639
5713200,730.3099639
5716800,769.2215639
5720400,983.2353639
5724000,1742.011564
5727600,2023.967681
5731200,2140.702481
5734800,1839.137581
5738400,1566.756381
5742000,1595.940081
5745600,1440.293681
5749200,1440.293681
5752800,1294.375181
5756400,1372.198381
5760000,1459.749481
5763600,1488.933181
5767200,1304.103081
5770800,1294.528164
5774400,876.2284639
5778000,808.1331639
5781600,827.5889639
5785200,720.5820639
5788800,788.6773639
5792400,788.6773639
5796000,847.0447639
5799600,847.0447639
5803200,944.3237639
5806800,983.2353639
5810400,1635.004664
5814000,2189.341981
5817600,2286.620981
5821200,1887.777081
5824800,1780.770181
5828400,1751.586481
5832000,1654.307481
5835600,1858.593381
5839200,1411.109981
5842800,1848.865481
5846400,2072.607181
5850000,2208.797781
5853600,1518.116881
5857200,1391.807164
5860800,662.2146639
5864400,798.4052639
5868000,769.2215639
5871600,905.4121639
5875200,847.0447639
5878800,905.4121639
5882400,847.0447639
5886000,905.4121639
5889600,1061.058564
5893200,1041.602764
5896800,1683.644164
5900400,1975.328181
5904000,2130.974581
5907600,2014.239781
5911200,2296.348881
5914800,2043.423481
5918400,1878.049181
5922000,1819.681781
5925600,1411.109981
5929200,1634.851681
5932800,1683.491181
5936400,1761.314381
5940000,1576.484281
5943600,1343.167664
5947200,769.2215639
5950800,633.0309639
5954400,662.2146639
5958000,662.2146639
5961600,730.3099639
5965200,778.9494639
5968800,730.3099639
5972400,788.6773639
5976000,769.2215639
5979600,759.4936639
5983200,1304.256064
5986800,1761.314381
5990400,1926.688681
5994000,1780.770181
5997600,1673.763281
6001200,1809.953881
6004800,1761.314381
6008400,1284.647281
6012000,1401.382081
6015600,1420.837881
6019200,1411.109981
6022800,1498.661081
6026400,1265.191481
6030000,1187.521264
6033600,662.2146639
6037200,633.0309639
6040800,535.7519639
6044400,555.2077639
6048000,487.1124639
6051600,487.1124639
6055200,555.2077639
6058800,613.5751639
6062400,545.4798639
6066000,584.3914639
6069600,1109.698064
6073200,1683.491181
6076800,1712.674881
6080400,1566.756381
6084000,1508.388981
6087600,1459.749481
6091200,1411.109981
6094800,1537.572681
6098400,817.7080807
6102000,413.9168
6105600,357.4736
6109200,456.2492
6112800,428.0276
6116400,535.7519639
6120000,555.2077639
6123600,574.6635639
6127200,535.7519639
6130800,603.8472639
6134400,545.4798639
6138000,671.9425639
6141600,555.2077639
6145200,671.9425639
6148800,535.7519639
6152400,652.4867639
6156000,564.9356639
6159600,489.1744
6163200,437.4348
6166800,465.6564
6170400,460.9528
6174000,432.7312
6177600,376.288
6181200,409.2132
6184800,460.9528
6188400,493.878
6192000,437.4348
6195600,456.2492
6199200,456.2492
6202800,652.4867639
6206400,555.2077639
6210000,574.6635639
6213600,584.3914639
6217200,603.8472639
6220800,555.2077639
6224400,603.8472639
6228000,613.5751639
6231600,603.8472639
6235200,652.4867639
6238800,642.7588639
6242400,1469.630364
6246000,1664.035381
6249600,1965.600281
6253200,1722.402781
6256800,1673.763281
6260400,1615.395881
6264000,1508.388981
6267600,1693.219081
6271200,2374.172081
6274800,2247.709381
6278400,2101.790881
6282000,2130.974581
6285600,1848.865481
6289200,856.7726639
6292800,594.1193639
6296400,574.6635639
6300000,526.0240639
6303600,594.1193639
6307200,603.8472639
6310800,603.8472639
6314400,652.4867639
6318000,662.2146639
6321600,710.8541639
6325200,973.5074639
6328800,1518.269864
6332400,2666.009081
6336000,2870.294981
6339600,2549.274281
6343200,2335.260481
6346800,2267.165181
6350400,2267.165181
6354000,2111.518781
6357600,2023.967681
6361200,2140.702481
6364800,1975.328181
6368400,2092.062981
6372000,1955.872381
6375600,1168.065464
6379200,934.5958639
6382800,730.3099639
6386400,642.7588639
6390000,662.2146639
6393600,594.1193639
6397200,662.2146639
6400800,662.2146639
6404400,720.5820639
6408000,652.4867639
6411600,798.4052639
6415200,1352.895564
6418800,2724.376481
6422400,3181.587781
6426000,2247.709381
6429600,2296.348881
6433200,2189.341981
6436800,2033.695581
6440400,2033.695581
6444000,1887.777081
6447600,1936.416581
6451200,2062.879281
6454800,2189.341981
6458400,2053.151381
6462000,963.7795639
6465600,759.4936639
6469200,564.9356639
6472800,594.1193639
6476400,652.4867639
6480000,662.2146639
6483600,594.1193639
6487200,603.8472639
6490800,545.4798639
6494400,652.4867639
6498000,681.6704639
6501600,1576.637264
6505200,2568.730081
6508800,2344.988381
6512400,2150.430381
6516000,1868.321281
6519600,1800.225981
6523200,1868.321281
6526800,1887.777081
6530400,1625.123781
6534000,1693.219081
6537600,1848.865481
6541200,1936.416581
6544800,1848.865481
6548400,915.1400639
6552000,642.7588639
6555600,623.3030639
6559200,526.0240639
6562800,652.4867639
6566400,720.5820639
6570000,720.5820639
6573600,662.2146639
6577200,730.3099639
6580800,759.4936639
6584400,973.5074639
6588000,1518.269864
6591600,2899.478681
6595200,2627.097481
6598800,2442.267381
6602400,2276.893081
6606000,2208.797781
6609600,2111.518781
6613200,2014.239781
6616800,1868.321281
6620400,1761.314381
6624000,1761.314381
6627600,1839.137581
6631200,1800.225981
6634800,856.7726639
6638400,535.7519639
6642000,564.9356639
6645600,467.6566639
6649200,535.7519639
6652800,487.1124639
6656400,545.4798639
6660000,428.7450639
6663600,477.3845639
6667200,584.3914639
6670800,457.9287639
6674400,1158.337564
6678000,2383.899981
6681600,2082.335081
6685200,1887.777081
6688800,1790.498081
6692400,1615.395881
6696000,1576.484281
6699600,1430.565781
6703200,465.6564
6706800,324.5484
6710400,301.0304
6714000,348.0664
6717600,371.5844
6721200,477.3845639
6724800,438.4729639
6728400,457.9287639
6732000,516.2961639
6735600,477.3845639
6739200,419.0171639
6742800,428.7450639
6746400,428.7450639
6750000,428.7450639
6753600,477.3845639
6757200,516.2961639
6760800,555.2077639
6764400,352.77
6768000,324.5484
6771600,357.4736
6775200,333.9556
6778800,272.8088
6782400,296.3268
6786000,221.0692
6789600,244.5872
6793200,301.0304
6796800,301.0304
6800400,376.288
6804000,348.0664
6807600,380.1055639
6811200,380.1055639
6814800,389.8334639
6818400,409.2892639
6822000,360.6497639
6825600,428.7450639
6829200,419.0171639
6832800,438.4729639
6836400,477.3845639
6840000,526.0240639
6843600,623.3030639
6847200,1148.609664
6850800,1488.933181
6854400,1566.756381
6858000,1313.830981
6861600,1080.361381
6865200,1031.721881
6868800,953.8986807
6872400,953.8986807
6876000,963.6265807
6879600,905.2591807
6883200,1129.000881
6886800,1216.551981
6890400,1041.449781
6894000,973.5074639
6897600,594.1193639
6901200,457.9287639
6904800,409.2892639
6908400,477.3845639
6912000,419.0171639
6915600,487.1124639
6919200,428.7450639
6922800,545.4798639
6926400,526.0240639
6930000,623.3030639
6933600,1148.609664
6937200,1323.558881
6940800,1566.756381
6944400,1488.933181
6948000,1362.470481
6951600,1362.470481
6955200,1274.919381
6958800,1226.279881
6962400,1070.633481
6966000,1129.000881
6969600,1343.014681
6973200,1430.565781
6976800,1313.830981
6980400,1187.521264
6984000,876.2284639
6987600,671.9425639
6991200,584.3914639
6994800,594.1193639
6998400,535.7519639
7002000,652.4867639
7005600,652.4867639
7009200,662.2146639
7012800,759.4936639
7016400,856.7726639
7020000,1508.541964
7023600,1790.498081
7027200,1985.056081
7030800,1897.504981
7034400,1955.872381
7038000,2033.695581
7041600,1790.498081
7045200,1848.865481
7048800,1761.314381
7052400,1819.681781
7056000,1644.579581
7059600,1352.742581
7063200,1080.361381
7066800,740.0378639
7070400,428.7450639
7074000,301.0304
7077600,310.4376
7081200,310.4376
7084800,370.3776639
7088400,360.6497639
7092000,310.4376
7095600,370.3776639
7099200,310.4376
7102800,301.0304
7106400,652.4867639
7110000,662.0616807
7113600,642.6058807
7117200,489.1744
7120800,0
7124400,0
7128000,0
7131600,0
7135200,329.252
7138800,2432.539481
7142400,1352.742581
7146000,1352.742581
7149600,1265.191481
7153200,1119.425964
7156800,817.8610639
7160400,671.9425639
7164000,584.3914639
7167600,594.1193639
7171200,535.7519639
7174800,613.5751639
7178400,545.4798639
7182000,594.1193639
7185600,584.3914639
7189200,633.0309639
7192800,1080.514364
7196400,2208.797781
7200000,1916.960781
7203600,1547.300581
7207200,1401.382081
7210800,1148.456681
7214400,1129.000881
7218000,1138.728781
7221600,973.3544807
7225200,1090.089281
7228800,1129.000881
7232400,1002.538181
7236000,1158.184581
7239600,1070.786464
7243200,769.2215639
7246800,623.3030639
7250400,526.0240639
7254000,594.1193639
7257600,477.3845639
7261200,555.2077639
7264800,487.1124639
7268400,535.7519639
7272000,535.7519639
7275600,574.6635639
7279200,934.5958639
7282800,1236.007781
7286400,1985.056081
7290000,1488.933181
7293600,1216.551981
7297200,1041.449781
7300800,914.9870807
7304400,914.9870807
7308000,602.0608
7311600,380.9916
7315200,352.77
7318800,404.5096
7322400,319.8448
7326000,321.7381639
7329600,438.4729639
7333200,448.2008639
7336800,467.6566639
7340400,419.0171639
7344000,487.1124639
7347600,428.7450639
7351200,0
7354800,487.1124639
7358400,428.7450639
7362000,477.3845639
7365600,564.9356639
7369200,404.5096
7372800,409.2132
7376400,385.6952
7380000,357.4736
7383600,329.252
7387200,301.0304
7390800,249.2908
7394400,277.5124
7398000,272.8088
7401600,277.5124
7405200,272.8088
7408800,380.9916
7412400,268.1052
7416000,291.6232
7419600,272.8088
7423200,350.9218639
7426800,282.216
7430400,310.4376
7434000,370.3776639
7437600,428.7450639
7441200,477.3845639
7444800,467.6566639
7448400,409.2892639
7452000,448.2008639
7455600,296.3268
7459200,324.5484
7462800,301.0304
7466400,324.5484
7470000,329.252
7473600,296.3268
7477200,324.5484
7480800,305.734
7484400,244.5872
7488000,164.626
7491600,216.3656
7495200,239.8836
7498800,239.8836
7502400,188.144
7506000,244.5872
7509600,197.5512
7513200,192.8476
7516800,202.2548
7520400,169.3296
7524000,169.3296
7527600,202.2548
7531200,169.3296
7534800,192.8476
7538400,188.144
7542000,268.1052
7545600,0
7549200,0
7552800,0
7556400,0
7560000,404.5096
7563600,272.8088
7567200,710.7011807
7570800,983.0823807
7574400,489.1744
7578000,324.5484
7581600,348.0664
7585200,380.1055639
7588800,438.4729639
7592400,331.4660639
7596000,341.1939639
7599600,282.216
7603200,258.698
7606800,258.698
7610400,253.9944
7614000,230.4764
7617600,253.9944
7621200,253.9944
7624800,268.1052
7628400,319.8448
7632000,963.6265807
7635600,1197.096181
7639200,592.6536
7642800,409.2132
7646400,404.5096
7650000,460.9528
7653600,380.9916
7657200,380.9916
7660800,352.77
7664400,380.9916
7668000,456.2492
7671600,594.1193639
7675200,438.4729639
7678800,296.3268
7682400,305.734
7686000,249.2908
7689600,253.9944
7693200,286.9196
7696800,258.698
7700400,253.9944
7704000,305.734
7707600,291.6232
7711200,456.2492
7714800,540.914
7718400,642.6058807
7722000,545.6176
7725600,489.1744
7729200,348.0664
7732800,460.9528
7736400,517.396
7740000,642.6058807
7743600,924.7149807
7747200,807.9801807
7750800,905.2591807
7754400,545.4798639
7758000,438.4729639
7761600,331.4660639
7765200,305.734
7768800,305.734
7772400,282.216
7776000,286.9196
7779600,286.9196
7783200,253.9944
7786800,258.698
7790400,277.5124
7794000,380.1055639
7797600,1119.272981
7801200,1177.640381
7804800,1255.463581
7808400,973.3544807
7812000,1080.361381
7815600,1167.912481
7819200,1177.640381
7822800,1021.993981
7826400,1031.721881
7830000,924.7149807
7833600,914.9870807
7837200,953.8986807
7840800,487.1124639
7844400,438.4729639
7848000,331.4660639
7851600,305.734
7855200,277.5124
7858800,286.9196
7862400,315.1412
7866000,253.9944
7869600,286.9196
7873200,310.4376
7876800,277.5124
7880400,331.4660639
7884000,1187.368281
7887600,1352.742581
7891200,1420.837881
7894800,1313.830981
7898400,1313.830981
7902000,1187.368281
7905600,1080.361381
7909200,380.9916
7912800,409.2132
7916400,329.252
7920000,296.3268
7923600,268.1052
7927200,268.1052
7930800,296.3268
7934400,272.8088
7938000,301.0304
7941600,282.216
7945200,282.216
7948800,315.1412
7952400,315.1412
7956000,315.1412
7959600,310.4376
7963200,360.6497639
7966800,296.3268
7970400,324.5484
7974000,272.8088
7977600,296.3268
7981200,301.0304
7984800,268.1052
7988400,268.1052
7992000,244.5872
7995600,244.5872
7999200,244.5872
8002800,249.2908
8006400,216.3656
8010000,216.3656
8013600,268.1052
8017200,268.1052
8020800,301.0304
8024400,301.0304
8028000,197.5512
8031600,225.7728
8035200,258.698
8038800,286.9196
8042400,282.216
8046000,310.4376
8049600,301.0304
8053200,380.1055639
8056800,944.1707807
8060400,2228.253581
8064000,1576.484281
8067600,1245.735681
8071200,1041.449781
8074800,963.6265807
8078400,759.3406807
8082000,817.7080807
8085600,700.9732807
8089200,807.9801807
8092800,914.9870807
8096400,895.5312807
8100000,428.7450639
8103600,380.1055639
8107200,331.4660639
8110800,301.0304
8114400,360.6497639
8118000,282.216
8121600,258.698
8125200,286.9196
8128800,282.216
8132400,310.4376
8136000,399.5613639
8139600,769.2215639
8143200,1605.667981
8146800,1459.749481
8150400,1362.470481
8154000,1245.735681
8157600,1129.000881
8161200,953.8986807
8164800,846.8917807
8168400,798.2522807
8172000,905.2591807
8175600,1021.993981
8179200,1012.266081
8182800,944.1707807
8186400,594.1193639
8190000,487.1124639
8193600,321.7381639
8197200,301.0304
8200800,310.4376
8204400,310.4376
8208000,315.1412
8211600,310.4376
8215200,315.1412
8218800,310.4376
8222400,457.9287639
8226000,710.8541639
8229600,1605.667981
8233200,1771.042281
8236800,1518.116881
8240400,1518.116881
8244000,1527.844781
8247600,1119.272981
8251200,1021.993981
8254800,905.2591807
8258400,700.9732807
8262000,817.7080807
8265600,856.6196807
8269200,837.1638807
8272800,428.7450639
8276400,428.7450639
8280000,331.4660639
8283600,341.1939639
8287200,277.5124
8290800,286.9196
8294400,310.4376
8298000,286.9196
8301600,428.7450639
8305200,360.6497639
8308800,305.734
8312400,769.2215639
8316000,1654.307481
8319600,1615.395881
8323200,1401.382081
8326800,1965.600281
8330400,1294.375181
8334000,1177.640381
8337600,1002.538181
8341200,798.2522807
8344800,905.2591807
8348400,905.2591807
8352000,1060.905581
8355600,1051.177681
8359200,487.1124639
8362800,315.1412
8366400,301.0304
8370000,244.5872
8373600,277.5124
8377200,258.698
8380800,282.216
8384400,286.9196
8388000,253.9944
8391600,310.4376
8395200,277.5124
8398800,983.2353639
8402400,1916.960781
8406000,1450.021581
8409600,1294.375181
8413200,1177.640381
8416800,1021.993981
8420400,953.8986807
8424000,1109.545081
8427600,1294.375181
8431200,1236.007781
8434800,1459.749481
8438400,1274.919381
8442000,1206.824081
8445600,477.3845639
8449200,321.7381639
8452800,296.3268
8456400,249.2908
8460000,249.2908
8463600,286.9196
8467200,282.216
8470800,286.9196
8474400,282.216
8478000,282.216
8481600,277.5124
8485200,817.8610639
8488800,1829.409681
8492400,1450.021581
8496000,1284.647281
8499600,1362.470481
8503200,1245.735681
8506800,1002.538181
8510400,1070.633481
8514000,404.5096
8517600,244.5872
8521200,268.1052
8524800,239.8836
8528400,216.3656
8532000,263.4016
8535600,268.1052
8539200,268.1052
8542800,249.2908
8546400,277.5124
8550000,360.6497639
8553600,370.3776639
8557200,370.3776639
8560800,315.1412
8564400,419.0171639
8568000,305.734
8571600,331.4660639
8575200,352.77
8578800,291.6232
8582400,272.8088
8586000,291.6232
8589600,272.8088
8593200,268.1052
8596800,268.1052
8600400,221.0692
8604000,192.8476
8607600,192.8476
8611200,239.8836
8614800,244.5872
8618400,239.8836
8622000,268.1052
8625600,268.1052
8629200,249.2908
8632800,253.9944
8636400,253.9944
8640000,230.4764
8643600,258.698
8647200,253.9944
8650800,526.0240639
8654400,633.0309639
8658000,817.8610639
8661600,1158.184581
8665200,536.2104
8668800,540.914
8672400,573.8392
8676000,573.8392
8679600,507.9888
8683200,569.1356
8686800,493.878
8690400,517.396
8694000,545.6176
8697600,536.2104
8701200,512.6924
8704800,211.662
8708400,211.662
8712000,216.3656
8715600,221.0692
8719200,221.0692
8722800,230.4764
8726400,169.3296
8730000,202.2548
8733600,197.5512
8737200,197.5512
8740800,221.0692
8744400,380.1055639
8748000,730.1569807
8751600,564.432
8755200,569.1356
8758800,545.6176
8762400,540.914
8766000,564.432
8769600,512.6924
8773200,545.6176
8776800,550.3212
8780400,569.1356
8784000,512.6924
8787600,540.914
8791200,235.18
8794800,268.1052
8798400,244.5872
8802000,216.3656
8805600,225.7728
8809200,197.5512
8812800,258.698
8816400,197.5512
8820000,253.9944
8823600,282.216
8827200,282.216
8830800,380.1055639
8834400,837.1638807
8838000,671.7895807
8841600,652.3337807
8845200,606.7644
8848800,592.6536
8852400,592.6536
8856000,456.2492
8859600,216.3656
8863200,272.8088
8866800,301.0304
8870400,296.3268
8874000,296.3268
8877600,291.6232
8881200,263.4016
8884800,216.3656
8888400,249.2908
8892000,221.0692
8895600,225.7728
8899200,230.4764
8902800,225.7728
8906400,253.9944
8910000,277.5124
8913600,249.2908
8917200,296.3268
8920800,319.8448
8924400,348.0664
8928000,343.3628
8931600,352.77
8935200,268.1052
8938800,272.8088
8942400,348.0664
8946000,380.9916
8949600,329.252
8953200,352.77
8956800,301.0304
8960400,319.8448
8964000,268.1052
8967600,239.8836
8971200,249.2908
8974800,249.2908
8978400,282.216
8982000,253.9944
8985600,253.9944
8989200,253.9944
8992800,249.2908
8996400,249.2908
9000000,249.2908
9003600,380.1055639
9007200,432.7312
9010800,319.8448
9014400,0
9018000,0
9021600,0
9025200,0
9028800,0
9032400,0
9036000,0
9039600,0
9043200,0
9046800,0
9050400,0
9054000,0
9057600,0
9061200,0
9064800,0
9068400,0
9072000,0
9075600,0
9079200,0
9082800,0
9086400,0
9090000,0
9093600,0
9097200,0
9100800,0
9104400,0
9108000,0
9111600,0
9115200,0
9118800,0
9122400,0
9126000,0
9129600,0
9133200,0
9136800,0
9140400,0
9144000,0
9147600,0
9151200,0
9154800,0
9158400,0
9162000,0
9165600,0
9169200,0
9172800,0
9176400,0
9180000,0
9183600,0
9187200,0
9190800,0
9194400,0
9198000,0
9201600,0
9205200,0
9208800,0
9212400,0
9216000,0
9219600,0
9223200,0
9226800,0
9230400,0
9234000,0
9237600,0
9241200,0
9244800,0
9248400,0
9252000,0
9255600,0
9259200,0
9262800,0
9266400,0
9270000,0
9273600,0
9277200,0
9280800,0
9284400,0
9288000,0
9291600,0
9295200,0
9298800,0
9302400,0
9306000,0
9309600,0
9313200,0
9316800,0
9320400,0
9324000,0
9327600,0
9331200,0
9334800,0
9338400,0
9342000,0
9345600,0
9349200,0
9352800,0
9356400,0
9360000,0
9363600,0
9367200,0
9370800,0
9374400,0
9378000,0
9381600,0
9385200,0
9388800,0
9392400,0
9396000,0
9399600,0
9403200,0
9406800,0
9410400,0
9414000,0
9417600,0
9421200,0
9424800,0
9428400,0
9432000,0
9435600,0
9439200,0
9442800,0
9446400,0
9450000,0
9453600,0
9457200,0
9460800,0
9464400,0
9468000,0
9471600,0
9475200,0
9478800,0
9482400,0
9486000,0
9489600,0
9493200,0
9496800,0
9500400,0
9504000,0
9507600,0
9511200,0
9514800,0
9518400,0
9522000,0
9525600,0
9529200,0
9532800,0
9536400,0
9540000,0
9543600,0
9547200,0
9550800,0
9554400,0
9558000,0
9561600,0
9565200,0
9568800,0
9572400,0
9576000,0
9579600,0
9583200,0
9586800,0
9590400,0
9594000,0
9597600,0
9601200,0
9604800,0
9608400,0
9612000,0
9615600,0
9619200,0
9622800,0
9626400,0
9630000,0
9633600,0
9637200,0
9640800,0
9644400,0
9648000,0
9651600,0
9655200,0
9658800,0
9662400,0
9666000,0
9669600,0
9673200,0
9676800,0
9680400,0
9684000,0
9687600,0
9691200,0
9694800,0
9698400,0
9702000,0
9705600,0
9709200,0
9712800,0
9716400,0
9720000,0
9723600,0
9727200,0
9730800,0
9734400,0
9738000,0
9741600,0
9745200,0
9748800,0
9752400,0
9756000,0
9759600,0
9763200,0
9766800,0
9770400,0
9774000,0
9777600,0
9781200,0
9784800,0
9788400,0
9792000,0
9795600,0
9799200,0
9802800,0
9806400,0
9810000,0
9813600,0
9817200,0
9820800,0
9824400,0
9828000,0
9831600,0
9835200,0
9838800,0
9842400,0
9846000,0
9849600,0
9853200,0
9856800,0
9860400,0
9864000,0
9867600,0
9871200,0
9874800,0
9878400,0
9882000,0
9885600,0
9889200,0
9892800,0
9896400,0
9900000,0
9903600,0
9907200,0
9910800,0
9914400,0
9918000,0
9921600,0
9925200,0
9928800,0
9932400,0
9936000,0
9939600,0
9943200,0
9946800,0
9950400,0
9954000,0
9957600,0
9961200,0
9964800,0
9968400,0
9972000,0
9975600,0
9979200,0
9982800,0
9986400,0
9990000,0
9993600,0
9997200,0
10000800,0
10004400,0
10008000,0
10011600,0
10015200,0
10018800,0
10022400,0
10026000,0
10029600,0
10033200,0
10036800,0
10040400,0
10044000,0
10047600,0
10051200,0
10054800,0
10058400,0
10062000,0
10065600,0
10069200,0
10072800,0
10076400,0
10080000,0
10083600,0
10087200,0
10090800,0
10094400,0
10098000,0
10101600,0
10105200,0
10108800,0
10112400,0
10116000,0
10119600,0
10123200,0
10126800,0
10130400,0
10134000,0
10137600,0
10141200,0
10144800,0
10148400,0
10152000,0
10155600,0
10159200,0
10162800,0
10166400,0
10170000,0
10173600,0
10177200,0
10180800,0
10184400,0
10188000,0
10191600,0
10195200,0
10198800,0
10202400,0
10206000,0
10209600,0
10213200,0
10216800,0
10220400,0
10224000,0
10227600,0
10231200,0
10234800,0
10238400,0
10242000,0
10245600,0
10249200,0
10252800,0
10256400,0
10260000,0
10263600,0
10267200,0
10270800,0
10274400,0
10278000,0
10281600,0
10285200,0
10288800,0
10292400,0
10296000,0
10299600,0
10303200,0
10306800,0
10310400,0
10314000,0
10317600,0
10321200,0
10324800,0
10328400,0
10332000,0
10335600,0
10339200,0
10342800,0
10346400,0
10350000,0
10353600,0
10357200,0
10360800,0
10364400,0
10368000,0
10371600,0
10375200,0
10378800,0
10382400,0
10386000,0
10389600,0
10393200,0
10396800,0
10400400,0
10404000,0
10407600,0
10411200,0
10414800,0
10418400,0
10422000,0
10425600,0
10429200,0
10432800,0
10436400,0
10440000,0
10443600,0
10447200,0
10450800,0
10454400,0
10458000,0
10461600,0
10465200,0
10468800,0
10472400,0
10476000,0
10479600,0
10483200,0
10486800,0
10490400,0
10494000,0
10497600,0
10501200,0
10504800,0
10508400,0
10512000,0
10515600,0
10519200,0
10522800,0
10526400,0
10530000,0
10533600,0
10537200,0
10540800,0
10544400,0
10548000,0
10551600,0
10555200,0
10558800,0
10562400,0
10566000,0
10569600,0
10573200,0
10576800,0
10580400,0
10584000,0
10587600,0
10591200,0
10594800,0
10598400,0
10602000,0
10605600,0
10609200,0
10612800,0
10616400,0
10620000,0
10623600,0
10627200,0
10630800,0
10634400,0
10638000,0
10641600,0
10645200,0
10648800,0
10652400,0
10656000,0
10659600,0
10663200,0
10666800,0
10670400,0
10674000,0
10677600,0
10681200,0
10684800,0
10688400,0
10692000,0
10695600,0
10699200,0
10702800,0
10706400,0
10710000,0
10713600,0
10717200,0
10720800,0
10724400,0
10728000,0
10731600,0
10735200,0
10738800,0
10742400,0
10746000,0
10749600,0
10753200,0
10756800,0
10760400,0
10764000,0
10767600,0
10771200,0
10774800,0
10778400,0
10782000,0
10785600,0
10789200,0
10792800,0
10796400,0
10800000,0
10803600,0
10807200,0
10810800,0
10814400,0
10818000,0
10821600,0
10825200,0
10828800,0
10832400,0
10836000,0
10839600,0
10843200,0
10846800,0
10850400,0
10854000,0
10857600,0
10861200,0
10864800,0
10868400,0
10872000,0
10875600,0
10879200,0
10882800,0
10886400,0
10890000,0
10893600,0
10897200,0
10900800,0
10904400,0
10908000,0
10911600,0
10915200,0
10918800,0
10922400,0
10926000,0
10929600,0
10933200,0
10936800,0
10940400,0
10944000,0
10947600,0
10951200,0
10954800,0
10958400,0
10962000,0
10965600,0
10969200,0
10972800,0
10976400,0
10980000,0
10983600,0
10987200,0
10990800,0
10994400,0
10998000,0
11001600,0
11005200,0
11008800,0
11012400,0
11016000,0
11019600,0
11023200,0
11026800,0
11030400,0
11034000,0
11037600,0
11041200,0
11044800,0
11048400,0
11052000,0
11055600,0
11059200,0
11062800,0
11066400,0
11070000,0
11073600,0
11077200,0
11080800,0
11084400,0
11088000,0
11091600,0
11095200,0
11098800,0
11102400,0
11106000,0
11109600,0
11113200,0
11116800,0
11120400,0
11124000,0
11127600,0
11131200,0
11134800,0
11138400,0
11142000,0
11145600,0
11149200,0
11152800,0
11156400,0
11160000,0
11163600,0
11167200,0
11170800,0
11174400,0
11178000,0
11181600,0
11185200,0
11188800,0
11192400,0
11196000,0
11199600,0
11203200,0
11206800,0
11210400,0
11214000,0
11217600,0
11221200,0
11224800,0
11228400,0
11232000,0
11235600,0
11239200,0
11242800,0
11246400,0
11250000,0
11253600,0
11257200,0
11260800,0
11264400,0
11268000,0
11271600,0
11275200,0
11278800,0
11282400,0
11286000,0
11289600,0
11293200,0
11296800,0
11300400,0
11304000,0
11307600,0
11311200,0
11314800,0
11318400,0
11322000,0
11325600,0
11329200,0
11332800,0
11336400,0
11340000,0
11343600,0
11347200,0
11350800,0
11354400,0
11358000,0
11361600,0
11365200,0
11368800,0
11372400,0
11376000,0
11379600,0
11383200,0
11386800,0
11390400,0
11394000,0
11397600,0
11401200,0
11404800,0
11408400,0
11412000,0
11415600,0
11419200,0
11422800,0
11426400,0
11430000,0
11433600,0
11437200,0
11440800,0
11444400,0
11448000,0
11451600,0
11455200,0
11458800,0
11462400,0
11466000,0
11469600,0
11473200,0
11476800,0
11480400,0
11484000,0
11487600,0
11491200,0
11494800,0
11498400,0
11502000,0
11505600,0
11509200,0
11512800,0
11516400,0
11520000,0
11523600,0
11527200,0
11530800,0
11534400,0
11538000,0
11541600,0
11545200,0
11548800,0
11552400,0
11556000,0
11559600,0
11563200,0
11566800,0
11570400,0
11574000,0
11577600,0
11581200,0
11584800,0
11588400,0
11592000,0
11595600,0
11599200,0
11602800,0
11606400,0
11610000,0
11613600,0
11617200,0
11620800,0
11624400,0
11628000,0
11631600,0
11635200,0
11638800,0
11642400,0
11646000,0
11649600,0
11653200,0
11656800,0
11660400,0
11664000,0
11667600,0
11671200,0
11674800,0
11678400,0
11682000,0
11685600,0
11689200,0
11692800,0
11696400,0
11700000,0
11703600,0
11707200,0
11710800,0
11714400,0
11718000,0
11721600,0
11725200,0
11728800,0
11732400,0
11736000,0
11739600,0
11743200,0
11746800,0
11750400,0
11754000,0
11757600,0
11761200,0
11764800,0
11768400,0
11772000,0
11775600,0
11779200,0
11782800,0
11786400,0
11790000,0
11793600,0
11797200,0
11800800,0
11804400,0
11808000,0
11811600,0
11815200,0
11818800,0
11822400,0
11826000,0
11829600,0
11833200,0
11836800,0
11840400,0
11844000,0
11847600,0
11851200,0
11854800,0
11858400,0
11862000,0
11865600,0
11869200,0
11872800,0
11876400,0
11880000,0
11883600,0
11887200,0
11890800,0
11894400,0
11898000,0
11901600,0
11905200,0
11908800,0
11912400,0
11916000,0
11919600,0
11923200,0
11926800,0
11930400,0
11934000,0
11937600,0
11941200,0
11944800,0
11948400,0
11952000,0
11955600,0
11959200,0
11962800,0
11966400,0
11970000,0
11973600,0
11977200,0
11980800,0
11984400,0
11988000,0
11991600,0
11995200,0
11998800,0
12002400,0
12006000,0
12009600,0
12013200,0
12016800,0
12020400,0
12024000,0
12027600,0
12031200,0
12034800,0
12038400,0
12042000,0
12045600,0
12049200,0
12052800,0
12056400,46.60298752
12060000,0
12063600,0
12067200,0
12070800,0
12074400,0
12078000,0
12081600,0
12085200,0
12088800,0
12092400,0
12096000,0
12099600,0
12103200,0
12106800,0
12110400,0
12114000,0
12117600,0
12121200,0
12124800,0
12128400,0
12132000,0
12135600,0
12139200,0
12142800,0
12146400,0
12150000,0
12153600,0
12157200,0
12160800,0
12164400,0
12168000,0
12171600,0
12175200,0
12178800,0
12182400,0
12186000,0
12189600,0
12193200,0
12196800,0
12200400,0
12204000,0
12207600,0
12211200,0
12214800,0
12218400,0
12222000,0
12225600,0
12229200,0
12232800,0
12236400,0
12240000,0
12243600,0
12247200,0
12250800,0
12254400,0
12258000,0
12261600,0
12265200,0
12268800,0
12272400,0
12276000,0
12279600,0
12283200,0
12286800,0
12290400,0
12294000,0
12297600,0
12301200,0
12304800,0
12308400,0
12312000,0
12315600,0
12319200,0
12322800,0
12326400,0
12330000,0
12333600,0
12337200,0
12340800,0
12344400,0
12348000,0
12351600,0
12355200,0
12358800,0
12362400,0
12366000,0
12369600,0
12373200,0
12376800,0
12380400,0
12384000,0
12387600,0
12391200,0
12394800,0
12398400,0
12402000,0
12405600,0
12409200,0
12412800,0
12416400,0
12420000,0
12423600,0
12427200,0
12430800,0
12434400,0
12438000,0
12441600,0
12445200,0
12448800,0
12452400,0
12456000,0
12459600,0
12463200,0
12466800,0
12470400,0
12474000,0
12477600,0
12481200,0
12484800,0
12488400,0
12492000,0
12495600,0
12499200,0
12502800,0
12506400,0
12510000,0
12513600,0
12517200,0
12520800,0
12524400,0
12528000,0
12531600,0
12535200,0
12538800,0
12542400,0
12546000,0
12549600,0
12553200,0
12556800,0
12560400,0
12564000,0
12567600,0
12571200,0
12574800,0
12578400,0
12582000,0
12585600,0
12589200,0
12592800,0
12596400,0
12600000,0
12603600,0
12607200,0
12610800,0
12614400,0
12618000,0
12621600,0
12625200,0
12628800,0
12632400,0
12636000,0
12639600,0
12643200,0
12646800,0
12650400,0
12654000,0
12657600,0
12661200,0
12664800,0
12668400,0
12672000,0
12675600,0
12679200,0
12682800,0
12686400,0
12690000,0
12693600,0
12697200,0
12700800,0
12704400,0
12708000,0
12711600,0
12715200,0
12718800,0
12722400,0
12726000,0
12729600,0
12733200,0
12736800,0
12740400,0
12744000,0
12747600,0
12751200,0
12754800,0
12758400,0
12762000,0
12765600,0
12769200,0
12772800,0
12776400,0
12780000,0
12783600,0
12787200,0
12790800,0
12794400,0
12798000,0
12801600,0
12805200,0
12808800,0
12812400,0
12816000,0
12819600,0
12823200,0
12826800,0
12830400,0
12834000,0
12837600,0
12841200,0
12844800,0
12848400,0
12852000,0
12855600,0
12859200,0
12862800,0
12866400,0
12870000,0
12873600,0
12877200,0
12880800,0
12884400,0
12888000,0
12891600,0
12895200,0
12898800,0
12902400,0
12906000,0
12909600,0
12913200,0
12916800,0
12920400,0
12924000,0
12927600,0
12931200,0
12934800,0
12938400,0
12942000,0
12945600,0
12949200,0
12952800,0
12956400,0
12960000,0
12963600,0
12967200,0
12970800,0
12974400,0
12978000,0
12981600,0
12985200,0
12988800,0
12992400,0
12996000,0
12999600,0
13003200,0
13006800,0
13010400,0
13014000,0
13017600,0
13021200,0
13024800,0
13028400,0
13032000,0
13035600,0
13039200,0
13042800,0
13046400,0
13050000,0
13053600,0
13057200,0
13060800,0
13064400,0
13068000,0
13071600,0
13075200,0
13078800,0
13082400,0
13086000,0
13089600,0
13093200,0
13096800,0
13100400,0
13104000,0
13107600,0
13111200,0
13114800,0
13118400,0
13122000,0
13125600,0
13129200,0
13132800,0
13136400,0
13140000,0
13143600,0
13147200,0
13150800,0
13154400,0
13158000,0
13161600,0
13165200,0
13168800,0
13172400,0
13176000,0
13179600,0
13183200,0
13186800,0
13190400,0
13194000,0
13197600,0
13201200,0
13204800,0
13208400,0
13212000,0
13215600,0
13219200,0
13222800,0
13226400,0
13230000,0
13233600,0
13237200,0
13240800,0
13244400,0
13248000,0
13251600,0
13255200,0
13258800,0
13262400,0
13266000,0
13269600,0
13273200,0
13276800,0
13280400,0
13284000,0
13287600,0
13291200,0
13294800,0
13298400,0
13302000,0
13305600,0
13309200,0
13312800,0
13316400,0
13320000,0
13323600,0
13327200,0
13330800,0
13334400,0
13338000,0
13341600,0
13345200,0
13348800,0
13352400,0
13356000,0
13359600,0
13363200,0
13366800,0
13370400,0
13374000,0
13377600,0
13381200,0
13384800,0
13388400,0
13392000,0
13395600,0
13399200,0
13402800,0
13406400,0
13410000,0
13413600,0
13417200,0
13420800,0
13424400,0
13428000,0
13431600,0
13435200,0
13438800,0
13442400,0
13446000,0
13449600,0
13453200,0
13456800,0
13460400,0
13464000,0
13467600,0
13471200,0
13474800,0
13478400,0
13482000,0
13485600,0
13489200,0
13492800,0
13496400,0
13500000,0
13503600,0
13507200,0
13510800,0
13514400,0
13518000,0
13521600,0
13525200,0
13528800,0
13532400,0
13536000,0
13539600,0
13543200,0
13546800,0
13550400,0
13554000,0
13557600,0
13561200,0
13564800,0
13568400,0
13572000,0
13575600,0
13579200,0
13582800,0
13586400,0
13590000,0
13593600,0
13597200,0
13600800,0
13604400,0
13608000,0
13611600,0
13615200,0
13618800,0
13622400,0
13626000,0
13629600,0
13633200,0
13636800,0
13640400,0
13644000,0
13647600,0
13651200,0
13654800,0
13658400,0
13662000,0
13665600,0
13669200,0
13672800,0
13676400,0
13680000,0
13683600,0
13687200,0
13690800,0
13694400,0
13698000,0
13701600,0
13705200,0
13708800,0
13712400,0
13716000,0
13719600,0
13723200,0
13726800,0
13730400,0
13734000,0
13737600,0
13741200,0
13744800,0
13748400,0
13752000,0
13755600,0
13759200,0
13762800,0
13766400,0
13770000,0
13773600,0
13777200,0
13780800,0
13784400,0
13788000,0
13791600,0
13795200,0
13798800,0
13802400,0
13806000,0
13809600,0
13813200,0
13816800,0
13820400,0
13824000,0
13827600,0
13831200,0
13834800,0
13838400,0
13842000,0
13845600,0
13849200,0
13852800,0
13856400,0
13860000,0
13863600,0
13867200,0
13870800,0
13874400,0
13878000,0
13881600,0
13885200,0
13888800,0
13892400,0
13896000,0
13899600,0
13903200,0
13906800,0
13910400,0
13914000,0
13917600,0
13921200,0
13924800,0
13928400,0
13932000,0
13935600,0
13939200,0
13942800,0
13946400,0
13950000,0
13953600,0
13957200,0
13960800,0
13964400,0
13968000,0
13971600,0
13975200,0
13978800,0
13982400,0
13986000,0
13989600,0
13993200,0
13996800,0
14000400,0
14004000,0
14007600,0
14011200,0
14014800,0
14018400,0
14022000,0
14025600,0
14029200,0
14032800,0
14036400,0
14040000,0
14043600,0
14047200,0
14050800,0
14054400,0
14058000,0
14061600,0
14065200,0
14068800,0
14072400,0
14076000,0
14079600,0
14083200,0
14086800,0
14090400,0
14094000,0
14097600,0
14101200,0
14104800,0
14108400,0
14112000,0
14115600,0
14119200,0
14122800,0
14126400,0
14130000,0
14133600,0
14137200,0
14140800,0
14144400,0
14148000,0
14151600,0
14155200,0
14158800,0
14162400,0
14166000,0
14169600,0
14173200,0
14176800,0
14180400,0
14184000,0
14187600,0
14191200,0
14194800,0
14198400,0
14202000,0
14205600,0
14209200,0
14212800,0
14216400,0
14220000,0
14223600,0
14227200,0
14230800,0
14234400,0
14238000,0
14241600,0
14245200,0
14248800,0
14252400,0
14256000,0
14259600,0
14263200,0
14266800,0
14270400,0
14274000,0
14277600,0
14281200,0
14284800,0
14288400,0
14292000,0
14295600,0
14299200,0
14302800,0
14306400,0
14310000,0
14313600,0
14317200,0
14320800,0
14324400,0
14328000,0
14331600,0
14335200,0
14338800,0
14342400,0
14346000,0
14349600,0
14353200,0
14356800,0
14360400,0
14364000,0
14367600,0
14371200,0
14374800,0
14378400,0
14382000,0
14385600,0
14389200,0
14392800,0
14396400,0
14400000,0
14403600,0
14407200,0
14410800,0
14414400,0
14418000,0
14421600,0
14425200,0
14428800,0
14432400,0
14436000,0
14439600,0
14443200,0
14446800,0
14450400,0
14454000,0
14457600,0
14461200,0
14464800,0
14468400,0
14472000,0
14475600,0
14479200,0
14482800,0
14486400,0
14490000,0
14493600,0
14497200,0
14500800,0
14504400,0
14508000,0
14511600,0
14515200,0
14518800,0
14522400,0
14526000,0
14529600,0
14533200,0
14536800,0
14540400,0
14544000,0
14547600,0
14551200,0
14554800,0
14558400,0
14562000,0
14565600,0
14569200,0
14572800,0
14576400,0
14580000,0
14583600,0
14587200,0
14590800,0
14594400,0
14598000,0
14601600,0
14605200,0
14608800,0
14612400,0
14616000,0
14619600,0
14623200,0
14626800,0
14630400,0
14634000,0
14637600,0
14641200,0
14644800,0
14648400,0
14652000,0
14655600,0
14659200,0
14662800,0
14666400,0
14670000,0
14673600,0
14677200,0
14680800,0
14684400,0
14688000,0
14691600,0
14695200,0
14698800,0
14702400,0
14706000,0
14709600,0
14713200,0
14716800,0
14720400,0
14724000,0
14727600,0
14731200,0
14734800,0
14738400,0
14742000,0
14745600,0
14749200,0
14752800,0
14756400,0
14760000,0
14763600,0
14767200,0
14770800,0
14774400,0
14778000,0
14781600,0
14785200,0
14788800,0
14792400,0
14796000,0
14799600,0
14803200,0
14806800,0
14810400,0
14814000,0
14817600,0
14821200,0
14824800,0
14828400,0
14832000,0
14835600,0
14839200,0
14842800,0
14846400,0
14850000,0
14853600,0
14857200,0
14860800,0
14864400,0
14868000,0
14871600,0
14875200,0
14878800,0
14882400,0
14886000,0
14889600,0
14893200,0
14896800,0
14900400,0
14904000,0
14907600,0
14911200,0
14914800,0
14918400,0
14922000,0
14925600,0
14929200,0
14932800,0
14936400,0
14940000,0
14943600,0
14947200,0
14950800,0
14954400,0
14958000,0
14961600,0
14965200,0
14968800,0
14972400,0
14976000,0
14979600,0
14983200,0
14986800,0
14990400,0
14994000,0
14997600,0
15001200,0
15004800,0
15008400,0
15012000,0
15015600,0
15019200,0
15022800,0
15026400,0
15030000,0
15033600,0
15037200,0
15040800,0
15044400,0
15048000,0
15051600,0
15055200,0
15058800,0
15062400,0
15066000,0
15069600,0
15073200,0
15076800,0
15080400,0
15084000,0
15087600,0
15091200,0
15094800,0
15098400,0
15102000,0
15105600,0
15109200,0
15112800,0
15116400,0
15120000,0
15123600,0
15127200,0
15130800,0
15134400,0
15138000,0
15141600,0
15145200,0
15148800,0
15152400,0
15156000,0
15159600,0
15163200,0
15166800,0
15170400,0
15174000,0
15177600,0
15181200,0
15184800,0
15188400,0
15192000,0
15195600,0
15199200,0
15202800,0
15206400,0
15210000,0
15213600,0
15217200,0
15220800,0
15224400,0
15228000,0
15231600,0
15235200,0
15238800,0
15242400,0
15246000,0
15249600,0
15253200,0
15256800,0
15260400,0
15264000,0
15267600,0
15271200,0
15274800,0
15278400,0
15282000,0
15285600,0
15289200,0
15292800,0
15296400,0
15300000,0
15303600,0
15307200,0
15310800,0
15314400,0
15318000,0
15321600,0
15325200,0
15328800,0
15332400,0
15336000,0
15339600,0
15343200,0
15346800,0
15350400,0
15354000,0
15357600,0
15361200,0
15364800,0
15368400,0
15372000,0
15375600,0
15379200,0
15382800,0
15386400,0
15390000,0
15393600,0
15397200,0
15400800,0
15404400,0
15408000,0
15411600,0
15415200,0
15418800,0
15422400,0
15426000,0
15429600,0
15433200,0
15436800,0
15440400,0
15444000,0
15447600,0
15451200,0
15454800,0
15458400,0
15462000,0
15465600,0
15469200,0
15472800,0
15476400,0
15480000,0
15483600,0
15487200,0
15490800,0
15494400,0
15498000,0
15501600,0
15505200,0
15508800,0
15512400,0
15516000,0
15519600,0
15523200,0
15526800,0
15530400,0
15534000,0
15537600,0
15541200,0
15544800,0
15548400,0
15552000,0
15555600,0
15559200,0
15562800,0
15566400,0
15570000,0
15573600,0
15577200,0
15580800,0
15584400,0
15588000,0
15591600,0
15595200,0
15598800,0
15602400,47.91268396
15606000,351.7259921
15609600,0
15613200,0
15616800,0
15620400,0
15624000,0
15627600,0
15631200,0
15634800,0
15638400,0
15642000,0
15645600,0
15649200,0
15652800,0
15656400,0
15660000,0
15663600,0
15667200,394.3514318
15670800,1076.602516
15674400,841.7664621
15678000,684.8343313
15681600,771.2887726
15685200,684.7119493
15688800,800.4168931
15692400,787.8312059
15696000,734.8266481
15699600,672.1579963
15703200,0
15706800,0
15710400,0
15714000,0
15717600,0
15721200,0
15724800,0
15728400,0
15732000,0
15735600,0
15739200,0
15742800,87.78779159
15746400,1012.145241
15750000,817.5135324
15753600,806.4398433
15757200,638.1671256
15760800,833.0122501
15764400,652.8561904
15768000,348.147303
15771600,0
15775200,0
15778800,0
15782400,0
15786000,0
15789600,0
15793200,0
15796800,0
15800400,0
15804000,0
15807600,0
15811200,0
15814800,0
15818400,0
15822000,0
15825600,0
15829200,0
15832800,0
15836400,0
15840000,0
15843600,0
15847200,0
15850800,0
15854400,0
15858000,0
15861600,0
15865200,0
15868800,0
15872400,0
15876000,0
15879600,0
15883200,0
15886800,0
15890400,0
15894000,0
15897600,0
15901200,0
15904800,0
15908400,0
15912000,0
15915600,85.12102261
15919200,1250.257579
15922800,858.6957028
15926400,906.8274952
15930000,933.08592
15933600,863.7472751
15937200,896.0864484
15940800,939.2880669
15944400,895.0425208
15948000,919.744178
15951600,876.5114302
15955200,839.2516695
15958800,840.3037925
15962400,0
15966000,0
15969600,0
15973200,0
15976800,0
15980400,0
15984000,0
15987600,0
15991200,0
15994800,0
15998400,0
16002000,88.85779616
16005600,1171.124373
16009200,981.0848952
16012800,931.1072394
16016400,920.5135153
16020000,855.8436786
16023600,902.4729002
16027200,901.8839314
16030800,887.5077198
16034400,913.7978885
16038000,903.2766449
16041600,877.1352824
16045200,832.3865695
16048800,0
16052400,0
16056000,0
16059600,0
16063200,0
16066800,0
16070400,0
16074000,0
16077600,0
16081200,0
16084800,0
16088400,88.61628701
16092000,1056.669046
16095600,978.656613
16099200,922.1368061
16102800,939.6023169
16106400,914.8939748
16110000,907.1998464
16113600,912.8892687
16117200,954.4179895
16120800,903.5179604
16124400,945.6843489
16128000,896.6447945
16131600,865.4254831
16135200,0
16138800,0
16142400,0
16146000,0
16149600,0
16153200,0
16156800,0
16160400,0
16164000,0
16167600,0
16171200,0
16174800,124.127146
16178400,1100.991743
16182000,967.4558457
16185600,994.9397026
16189200,984.2863163
16192800,920.1629991
16196400,959.0974711
16200000,897.4902451
16203600,963.9958729
16207200,934.4895475
16210800,929.8328825
16214400,909.2565521
16218000,879.9152713
16221600,0
16225200,0
16228800,0
16232400,0
16236000,0
16239600,0
16243200,0
16246800,0
16250400,0
16254000,0
16257600,0
16261200,84.24438359
16264800,1216.683076
16268400,976.7935163
16272000,977.4601812
16275600,1012.11588
16279200,1001.95432
16282800,979.7362496
16286400,935.4671097
16290000,981.1543484
16293600,957.3127649
16297200,904.3400353
16300800,949.3881337
16304400,869.0183273
16308000,0
16311600,0
16315200,0
16318800,0
16322400,0
16326000,0
16329600,0
16333200,0
16336800,0
16340400,0
16344000,0
16347600,85.46770957
16351200,1132.730342
16354800,955.0837249
16358400,919.7281831
16362000,872.4036641
16365600,982.242151
16369200,964.9374503
16372800,402.3887533
16376400,0
16380000,0
16383600,0
16387200,0
16390800,0
16394400,0
16398000,0
16401600,0
16405200,0
16408800,0
16412400,0
16416000,0
16419600,0
16423200,0
16426800,0
16430400,0
16434000,0
16437600,0
16441200,0
16444800,0
16448400,0
16452000,39.28411139
16455600,0
16459200,0
16462800,0
16466400,0
16470000,0
16473600,0
16477200,0
16480800,0
16484400,0
16488000,0
16491600,0
16495200,0
16498800,0
16502400,0
16506000,0
16509600,0
16513200,0
16516800,0
16520400,89.19762107
16524000,1324.338074
16527600,1003.661827
16531200,1019.515807
16534800,1030.805484
16538400,956.1312817
16542000,1014.621122
16545600,939.7371734
16549200,948.3967665
16552800,974.0178702
16556400,912.1106562
16560000,969.9313476
16563600,940.5231173
16567200,0
16570800,0
16574400,0
16578000,0
16581600,0
16585200,0
16588800,0
16592400,0
16596000,0
16599600,0
16603200,0
16606800,88.40564467
16610400,1137.43093
16614000,964.3774397
16617600,1010.406993
16621200,977.8034809
16624800,957.1037331
16628400,928.7127709
16632000,972.3053585
16635600,943.1902942
16639200,947.0730232
16642800,1003.494601
16646400,952.8491634
16650000,901.9721082
16653600,0
16657200,0
16660800,0
16664400,0
16668000,0
16671600,0
16675200,0
16678800,0
16682400,0
16686000,0
16689600,0
16693200,86.35313106
16696800,1152.831424
16700400,950.0049885
16704000,977.4281339
16707600,947.9334318
16711200,972.4458577
16714800,985.5996948
16718400,940.4782237
16722000,937.2449293
16725600,967.7724842
16729200,952.3646529
16732800,988.0464853
16736400,886.7908294
16740000,0
16743600,0
16747200,0
16750800,0
16754400,0
16758000,0
16761600,0
16765200,0
16768800,0
16772400,0
16776000,0
16779600,97.88884845
16783200,1158.783717
16786800,950.7829856
16790400,868.7695326
16794000,953.6352836
16797600,911.0971817
16801200,954.3031739
16804800,886.8556674
16808400,937.4885617
16812000,894.4256149
16815600,868.3370324
16819200,901.9584368
16822800,784.4317721
16826400,0
16830000,0
16833600,0
16837200,0
16840800,0
16844400,0
16848000,0
16851600,0
16855200,0
16858800,0
16862400,0
16866000,125.9183916
16869600,1093.287433
16873200,890.6392836
16876800,840.4060377
16880400,874.3803712
16884000,816.5632684
16887600,832.4952027
16891200,660.8941159
16894800,757.6936124
16898400,733.7746794
16902000,741.2637457
16905600,703.4079434
16909200,714.1201746
16912800,0
16916400,0
16920000,0
16923600,0
16927200,0
16930800,0
16934400,0
16938000,0
16941600,0
16945200,0
16948800,0
16952400,88.93730439
16956000,838.0916962
16959600,852.9884024
16963200,716.1007857
16966800,838.290117
16970400,901.6671179
16974000,773.7301599
16977600,315.4016426
16981200,0
16984800,0
16988400,0
16992000,0
16995600,0
16999200,0
17002800,0
17006400,0
17010000,0
17013600,0
17017200,0
17020800,0
17024400,0
17028000,0
17031600,0
17035200,0
17038800,0
17042400,0
17046000,0
17049600,0
17053200,0
17056800,0
17060400,0
17064000,0
17067600,0
17071200,0
17074800,0
17078400,0
17082000,0
17085600,0
17089200,0
17092800,0
17096400,0
17100000,0
17103600,0
17107200,0
17110800,0
17114400,0
17118000,0
17121600,0
17125200,94.29991152
17128800,827.5787966
17132400,882.2101182
17136000,850.3317598
17139600,857.1544124
17143200,848.02172
17146800,891.9330269
17150400,830.3051494
17154000,913.7357595
17157600,828.4123292
17161200,886.687968
17164800,854.2655198
17168400,786.8295114
17172000,0
17175600,0
17179200,0
17182800,0
17186400,0
17190000,0
17193600,0
17197200,0
17200800,0
17204400,0
17208000,0
17211600,88.90426031
17215200,826.143756
17218800,890.3459929
17222400,852.2944302
17226000,845.1294488
17229600,874.3935692
17233200,820.1251269
17236800,853.0255121
17240400,848.9213367
17244000,889.6230162
17247600,869.2161191
17251200,850.1097136
17254800,811.9331877
17258400,0
17262000,0
17265600,0
17269200,0
17272800,0
17276400,0
17280000,0
17283600,0
17287200,0
17290800,0
17294400,0
17298000,89.54502345
17301600,1196.970443
17305200,990.8696203
17308800,1002.981119
17312400,905.2014431
17316000,988.4775232
17319600,953.782702
17323200,920.9399365
17326800,948.1272619
17330400,901.1738146
17334000,931.3575747
17337600,950.7524556
17341200,879.4210887
17344800,0
17348400,0
17352000,0
17355600,0
17359200,0
17362800,0
17366400,0
17370000,0
17373600,0
17377200,0
17380800,0
17384400,85.92860509
17388000,1161.807913
17391600,988.8762792
17395200,955.3372559
17398800,928.5997336
17402400,937.9667451
17406000,952.3668391
17409600,933.1578875
17413200,954.137773
17416800,997.385948
17420400,938.4378897
17424000,929.2810369
17427600,846.9621297
17431200,0
17434800,0
17438400,0
17442000,0
17445600,0
17449200,0
17452800,0
17456400,0
17460000,0
17463600,0
17467200,0
17470800,89.16934105
17474400,1186.732985
17478000,965.5130846
17481600,980.1685211
17485200,969.8543223
17488800,943.372153
17492400,970.4329581
17496000,943.0767438
17499600,914.501797
17503200,1011.985324
17506800,884.0114445
17510400,948.1426655
17514000,887.5598603
17517600,0
17521200,0
17524800,0
17528400,0
17532000,0
17535600,0
17539200,0
17542800,0
17546400,0
17550000,0
17553600,0
17557200,87.39416055
17560800,1078.583832
17564400,959.7337263
17568000,926.8418496
17571600,975.3069213
17575200,932.6110037
17578800,951.05129
17582400,394.6312567
17586000,0
17589600,0
17593200,0
17596800,0
17600400,0
17604000,0
17607600,0
17611200,0
17614800,0
17618400,0
17622000,0
17625600,0
17629200,0
17632800,0
17636400,0
17640000,0
17643600,0
17647200,0
17650800,0
17654400,0
17658000,0
17661600,0
17665200,0
17668800,0
17672400,0
17676000,0
17679600,0
17683200,0
17686800,0
17690400,0
17694000,0
17697600,0
17701200,0
17704800,0
17708400,0
17712000,0
17715600,0
17719200,0
17722800,0
17726400,0
17730000,86.43874208
17733600,1316.395195
17737200,1091.721515
17740800,996.470953
17744400,970.0872005
17748000,953.3597775
17751600,989.1520631
17755200,914.0642166
17758800,973.3846236
17762400,978.8179112
17766000,911.5925403
17769600,898.2109351
17773200,913.4778384
17776800,0
17780400,0
17784000,0
17787600,0
17791200,0
17794800,0
17798400,0
17802000,0
17805600,0
17809200,0
17812800,0
17816400,89.02349318
17820000,1254.184329
17823600,1012.314061
17827200,957.6090336
17830800,955.2690019
17834400,999.8712336
17838000,1000.098818
17841600,985.8682885
17845200,1001.582211
17848800,1000.659278
17852400,945.8530976
17856000,958.1839277
17859600,920.6961282
17863200,0
17866800,0
17870400,0
17874000,0
17877600,0
17881200,0
17884800,0
17888400,0
17892000,0
17895600,0
17899200,0
17902800,85.08276472
17906400,1289.220626
17910000,996.0104306
17913600,977.4478566
17917200,956.00822
17920800,981.5939928
17924400,987.6542202
17928000,969.6886444
17931600,1003.950358
17935200,942.2772643
17938800,973.1909981
17942400,971.7712411
17946000,868.6726329
17949600,0
17953200,0
17956800,0
17960400,0
17964000,0
17967600,0
17971200,0
17974800,0
17978400,0
17982000,0
17985600,0
17989200,134.5434592
17992800,1161.487257
17996400,985.3535916
18000000,990.6972884
18003600,933.5919058
18007200,1001.20301
18010800,1009.967815
18014400,987.7164324
18018000,982.5633342
18021600,997.9386523
18025200,994.387031
18028800,988.6708364
18032400,880.5905511
18036000,0
18039600,0
18043200,0
18046800,0
18050400,0
18054000,0
18057600,0
18061200,0
18064800,0
18068400,0
18072000,0
18075600,88.24383429
18079200,1212.025667
18082800,991.2862846
18086400,999.6790885
18090000,996.033397
18093600,954.9693857
18097200,1062.682954
18100800,949.1155126
18104400,987.9673831
18108000,928.3936015
18111600,1063.40851
18115200,918.118672
18118800,945.6763282
18122400,0
18126000,0
18129600,0
18133200,0
18136800,0
18140400,0
18144000,0
18147600,0
18151200,0
18154800,0
18158400,0
18162000,87.81058307
18165600,1230.693286
18169200,966.7751073
18172800,965.7476423
18176400,982.9023497
18180000,1009.910778
18183600,1057.639872
18187200,490.8871082
18190800,0
18194400,0
18198000,0
18201600,0
18205200,0
18208800,38.72979961
18212400,0
18216000,0
18219600,0
18223200,0
18226800,0
18230400,0
18234000,0
18237600,0
18241200,0
18244800,0
18248400,0
18252000,0
18255600,0
18259200,0
18262800,0
18266400,0
18270000,0
18273600,0
18277200,0
18280800,0
18284400,0
18288000,0
18291600,0
18295200,0
18298800,0
18302400,0
18306000,0
18309600,0
18313200,0
18316800,0
18320400,0
18324000,0
18327600,0
18331200,0
18334800,88.43421254
18338400,1332.766193
18342000,1122.081572
18345600,983.6477702
18349200,1052.489984
18352800,1039.476028
18356400,1023.596595
18360000,819.7111533
18363600,0
18367200,0
18370800,0
18374400,300.1429712
18378000,942.9585149
18381600,0
18385200,0
18388800,0
18392400,0
18396000,0
18399600,0
18403200,0
18406800,0
18410400,0
18414000,0
18417600,0
18421200,40.0566889
18424800,1215.624658
18428400,986.835353
18432000,952.2882176
18435600,902.0226775
18439200,979.2097493
18442800,913.401578
18446400,974.0503617
18450000,918.8195493
18453600,952.993702
18457200,896.5980293
18460800,953.1200063
18464400,897.7950163
18468000,0
18471600,0
18475200,0
18478800,0
18482400,0
18486000,0
18489600,0
18493200,0
18496800,0
18500400,0
18504000,0
18507600,95.51651898
18511200,1075.29067
18514800,925.5599439
18518400,972.4610491
18522000,920.0000083
18525600,973.7375317
18529200,980.2777848
18532800,919.5065995
18536400,973.2168869
18540000,967.0611388
18543600,968.1389275
18547200,950.9196661
18550800,894.9232412
18554400,0
18558000,0
18561600,0
18565200,0
18568800,0
18572400,0
18576000,0
18579600,0
18583200,0
18586800,0
18590400,0
18594000,89.50807952
18597600,1198.121377
18601200,954.0523507
18604800,955.4130601
18608400,916.9143525
18612000,916.3180727
18615600,952.4354038
18619200,939.952691
18622800,942.2825795
18626400,987.3666693
18630000,927.1130006
18633600,902.9020761
18637200,866.5149353
18640800,0
18644400,0
18648000,0
18651600,0
18655200,0
18658800,0
18662400,0
18666000,0
18669600,0
18673200,0
18676800,0
18680400,89.45790746
18684000,1165.804869
18687600,948.0863239
18691200,951.4233358
18694800,965.7477534
18698400,897.6197174
18702000,986.8352268
18705600,985.4440925
18709200,986.3565383
18712800,993.7259321
18716400,941.411583
18720000,970.6591181
18723600,925.3294192
18727200,0
18730800,0
18734400,0
18738000,0
18741600,0
18745200,0
18748800,0
18752400,0
18756000,0
18759600,0
18763200,0
18766800,0
18770400,0
18774000,0
18777600,0
18781200,0
18784800,0
18788400,0
18792000,0
18795600,0
18799200,0
18802800,0
18806400,0
18810000,0
18813600,0
18817200,0
18820800,0
18824400,0
18828000,0
18831600,0
18835200,0
18838800,0
18842400,0
18846000,0
18849600,0
18853200,0
18856800,0
18860400,0
18864000,0
18867600,0
18871200,0
18874800,0
18878400,0
18882000,0
18885600,0
18889200,0
18892800,0
18896400,0
18900000,0
18903600,0
18907200,0
18910800,0
18914400,0
18918000,0
18921600,0
18925200,0
18928800,0
18932400,0
18936000,0
18939600,0
18943200,0
18946800,0
18950400,0
18954000,0
18957600,0
18961200,0
18964800,0
18968400,0
18972000,0
18975600,0
18979200,0
18982800,0
18986400,0
18990000,0
18993600,0
18997200,0
19000800,0
19004400,0
19008000,0
19011600,0
19015200,0
19018800,0
19022400,0
19026000,0
19029600,0
19033200,0
19036800,0
19040400,0
19044000,0
19047600,0
19051200,0
19054800,0
19058400,0
19062000,0
19065600,0
19069200,0
19072800,0
19076400,0
19080000,0
19083600,0
19087200,0
19090800,0
19094400,0
19098000,0
19101600,0
19105200,0
19108800,0
19112400,0
19116000,0
19119600,0
19123200,0
19126800,0
19130400,0
19134000,0
19137600,0
19141200,0
19144800,0
19148400,0
19152000,0
19155600,0
19159200,0
19162800,0
19166400,0
19170000,0
19173600,0
19177200,0
19180800,0
19184400,0
19188000,0
19191600,0
19195200,0
19198800,0
19202400,0
19206000,38.68189075
19209600,0
19213200,0
19216800,0
19220400,0
19224000,0
19227600,0
19231200,0
19234800,0
19238400,0
19242000,0
19245600,0
19249200,0
19252800,0
19256400,0
19260000,0
19263600,0
19267200,0
19270800,0
19274400,0
19278000,0
19281600,0
19285200,0
19288800,0
19292400,0
19296000,0
19299600,0
19303200,0
19306800,0
19310400,0
19314000,0
19317600,0
19321200,0
19324800,0
19328400,0
19332000,0
19335600,0
19339200,0
19342800,0
19346400,0
19350000,0
19353600,0
19357200,0
19360800,0
19364400,0
19368000,0
19371600,0
19375200,0
19378800,0
19382400,0
19386000,0
19389600,0
19393200,0
19396800,0
19400400,0
19404000,0
19407600,0
19411200,0
19414800,0
19418400,0
19422000,0
19425600,0
19429200,0
19432800,0
19436400,0
19440000,0
19443600,0
19447200,0
19450800,0
19454400,0
19458000,0
19461600,0
19465200,0
19468800,0
19472400,0
19476000,0
19479600,0
19483200,0
19486800,0
19490400,0
19494000,0
19497600,0
19501200,0
19504800,0
19508400,0
19512000,0
19515600,0
19519200,0
19522800,0
19526400,0
19530000,0
19533600,0
19537200,0
19540800,0
19544400,0
19548000,0
19551600,0
19555200,0
19558800,0
19562400,0
19566000,0
19569600,0
19573200,0
19576800,0
19580400,0
19584000,0
19587600,0
19591200,0
19594800,0
19598400,0
19602000,0
19605600,0
19609200,0
19612800,0
19616400,0
19620000,0
19623600,0
19627200,0
19630800,0
19634400,0
19638000,0
19641600,0
19645200,0
19648800,0
19652400,0
19656000,0
19659600,0
19663200,0
19666800,0
19670400,0
19674000,0
19677600,0
19681200,0
19684800,0
19688400,0
19692000,0
19695600,0
19699200,0
19702800,0
19706400,0
19710000,0
19713600,0
19717200,0
19720800,0
19724400,0
19728000,0
19731600,0
19735200,0
19738800,0
19742400,0
19746000,0
19749600,0
19753200,0
19756800,0
19760400,0
19764000,0
19767600,0
19771200,0
19774800,0
19778400,0
19782000,0
19785600,0
19789200,0
19792800,0
19796400,0
19800000,0
19803600,0
19807200,0
19810800,0
19814400,0
19818000,0
19821600,0
19825200,0
19828800,0
19832400,0
19836000,0
19839600,0
19843200,0
19846800,0
19850400,0
19854000,0
19857600,0
19861200,0
19864800,0
19868400,0
19872000,0
19875600,0
19879200,0
19882800,0
19886400,0
19890000,0
19893600,0
19897200,0
19900800,0
19904400,0
19908000,0
19911600,0
19915200,0
19918800,0
19922400,0
19926000,0
19929600,0
19933200,0
19936800,0
19940400,0
19944000,0
19947600,0
19951200,0
19954800,0
19958400,0
19962000,0
19965600,0
19969200,0
19972800,0
19976400,0
19980000,0
19983600,0
19987200,0
19990800,0
19994400,0
19998000,0
20001600,0
20005200,0
20008800,0
20012400,0
20016000,0
20019600,0
20023200,0
20026800,0
20030400,0
20034000,0
20037600,0
20041200,0
20044800,0
20048400,0
20052000,0
20055600,0
20059200,0
20062800,0
20066400,0
20070000,0
20073600,0
20077200,0
20080800,0
20084400,0
20088000,0
20091600,0
20095200,0
20098800,0
20102400,0
20106000,0
20109600,0
20113200,0
20116800,0
20120400,0
20124000,0
20127600,0
20131200,0
20134800,0
20138400,0
20142000,0
20145600,0
20149200,0
20152800,0
20156400,0
20160000,0
20163600,0
20167200,0
20170800,0
20174400,0
20178000,0
20181600,0
20185200,0
20188800,0
20192400,0
20196000,0
20199600,0
20203200,0
20206800,0
20210400,0
20214000,0
20217600,0
20221200,0
20224800,0
20228400,0
20232000,0
20235600,0
20239200,0
20242800,0
20246400,0
20250000,0
20253600,0
20257200,439.1236123
20260800,807.2718529
20264400,848.055677
20268000,810.2567768
20271600,787.0077834
20275200,852.6020801
20278800,732.7029557
20282400,0
20286000,0
20289600,0
20293200,0
20296800,0
20300400,0
20304000,0
20307600,0
20311200,0
20314800,0
20318400,0
20322000,46.96401276
20325600,853.9558914
20329200,780.3527709
20332800,862.4749084
20336400,807.9662913
20340000,830.797973
20343600,799.4314575
20347200,844.7864812
20350800,825.7291456
20354400,804.3743223
20358000,817.6919309
20361600,854.249887
20365200,741.7690627
20368800,0
20372400,0
20376000,0
20379600,0
20383200,0
20386800,0
20390400,0
20394000,0
20397600,0
20401200,0
20404800,0
20408400,39.40568561
20412000,860.8469789
20415600,820.2071977
20419200,877.5618147
20422800,801.3091878
20426400,829.9198465
20430000,819.1318136
20433600,871.2010221
20437200,790.2481145
20440800,837.2208061
20444400,831.7531178
20448000,860.8313551
20451600,766.9738935
20455200,0
20458800,0
20462400,0
20466000,0
20469600,0
20473200,0
20476800,0
20480400,0
20484000,0
20487600,0
20491200,0
20494800,48.6651953
20498400,837.1765159
20502000,773.0609582
20505600,867.8801795
20509200,821.7613002
20512800,795.7761323
20516400,855.0051935
20520000,866.4833969
20523600,815.9940981
20527200,792.3060022
20530800,839.9807935
20534400,852.9770664
20538000,781.4494683
20541600,0
20545200,0
20548800,0
20552400,0
20556000,0
20559600,0
20563200,0
20566800,0
20570400,0
20574000,0
20577600,0
20581200,48.42300507
20584800,864.8460747
20588400,825.377247
20592000,867.9938381
20595600,815.9869164
20599200,847.0162878
20602800,864.6859053
20606400,580.8645444
20610000,0
20613600,0
20617200,0
20620800,0
20624400,0
20628000,0
20631600,0
20635200,0
20638800,0
20642400,0
20646000,0
20649600,0
20653200,0
20656800,0
20660400,0
20664000,0
20667600,0
20671200,0
20674800,0
20678400,0
20682000,0
20685600,0
20689200,0
20692800,0
20696400,0
20700000,0
20703600,0
20707200,0
20710800,0
20714400,0
20718000,0
20721600,0
20725200,0
20728800,0
20732400,0
20736000,0
20739600,0
20743200,0
20746800,0
20750400,0
20754000,48.82604221
20757600,835.3066771
20761200,843.039433
20764800,822.9320806
20768400,872.7622664
20772000,796.3089569
20775600,786.5848695
20779200,843.9237219
20782800,830.8042902
20786400,853.9592174
20790000,1157.446893
20793600,1142.487882
20797200,985.5171214
20800800,0
20804400,0
20808000,0
20811600,0
20815200,0
20818800,0
20822400,0
20826000,0
20829600,0
20833200,0
20836800,0
20840400,93.77208501
20844000,1307.217571
20847600,1206.367416
20851200,1246.808399
20854800,1135.334145
20858400,1219.964127
20862000,1100.340965
20865600,1200.555874
20869200,1072.637612
20872800,1145.970695
20876400,1128.514538
20880000,1215.321942
20883600,1002.488126
20887200,0
20890800,0
20894400,0
20898000,0
20901600,0
20905200,0
20908800,0
20912400,0
20916000,0
20919600,0
20923200,0
20926800,86.21430877
20930400,1305.310706
20934000,1206.635901
20937600,1098.39781
20941200,1175.795849
20944800,1104.1834
20948400,1232.162355
20952000,1123.8034
20955600,1107.202482
20959200,1145.602824
20962800,1140.897128
20966400,1153.943605
20970000,976.2574745
20973600,0
20977200,0
20980800,0
20984400,0
20988000,0
20991600,0
20995200,0
20998800,0
21002400,0
21006000,0
21009600,0
21013200,94.22745163
21016800,1303.892778
21020400,1214.747178
21024000,1138.398669
21027600,1119.776032
21031200,1043.604662
21034800,1207.288657
21038400,1101.820866
21042000,1054.13851
21045600,1043.491417
21049200,1121.174466
21052800,1061.119432
21056400,991.6188559
21060000,0
21063600,0
21067200,0
21070800,0
21074400,0
21078000,0
21081600,0
21085200,0
21088800,0
21092400,0
21096000,0
21099600,47.70988638
21103200,892.6900462
21106800,811.9124779
21110400,882.7958909
21114000,826.0776436
21117600,834.1643217
21121200,871.352319
21124800,867.6054884
21128400,871.2802509
21132000,848.1436883
21135600,861.2600531
21139200,849.1753971
21142800,798.6977637
21146400,0
21150000,0
21153600,0
21157200,0
21160800,0
21164400,0
21168000,0
21171600,0
21175200,0
21178800,0
21182400,0
21186000,88.95135814
21189600,873.1975445
21193200,870.5923243
21196800,916.2127162
21200400,823.1046228
21204000,877.9831807
21207600,871.3201113
21211200,607.3931618
21214800,0
21218400,0
21222000,0
21225600,0
21229200,0
21232800,0
21236400,0
21240000,0
21243600,0
21247200,0
21250800,0
21254400,0
21258000,0
21261600,0
21265200,0
21268800,0
21272400,0
21276000,0
21279600,0
21283200,0
21286800,0
21290400,0
21294000,0
21297600,0
21301200,0
21304800,0
21308400,0
21312000,0
21315600,0
21319200,0
21322800,0
21326400,0
21330000,0
21333600,0
21337200,0
21340800,0
21344400,0
21348000,0
21351600,0
21355200,0
21358800,48.98391033
21362400,889.1312011
21366000,817.5650752
21369600,901.8227332
21373200,862.5483544
21376800,852.771935
21380400,859.9939988
21384000,849.6348726
21387600,861.7203095
21391200,870.0557287
21394800,904.3736551
21398400,842.0532026
21402000,824.1236051
21405600,0
21409200,0
21412800,0
21416400,0
21420000,0
21423600,0
21427200,0
21430800,0
21434400,0
21438000,0
21441600,0
21445200,40.73727318
21448800,861.3787119
21452400,859.5865261
21456000,861.0705939
21459600,865.3210112
21463200,834.2748765
21466800,911.7500227
21470400,835.753469
21474000,859.0258073
21477600,865.9627383
21481200,844.3238849
21484800,898.0113454
21488400,743.4013675
21492000,0
21495600,0
21499200,0
21502800,0
21506400,0
21510000,0
21513600,0
21517200,0
21520800,0
21524400,0
21528000,0
21531600,92.65095213
21535200,835.2956913
21538800,844.2548723
21542400,866.5839033
21546000,860.3413439
21549600,873.5629941
21553200,815.5285141
21556800,870.3839758
21560400,870.246923
21564000,855.955264
21567600,875.3042525
21571200,874.856919
21574800,831.1602643
21578400,0
21582000,0
21585600,0
21589200,0
21592800,0
21596400,0
21600000,0
21603600,0
21607200,0
21610800,0
21614400,0
21618000,39.9102804
21621600,907.6825522
21625200,856.9145023
21628800,854.9383415
21632400,827.4546761
21636000,874.0760842
21639600,908.1583253
21643200,842.7545616
21646800,852.1768961
21650400,872.008865
21654000,895.6386908
21657600,835.3452486
21661200,602.0729486
21664800,0
21668400,0
21672000,0
21675600,0
21679200,0
21682800,0
21686400,0
21690000,0
21693600,0
21697200,0
21700800,0
21704400,0
21708000,0
21711600,0
21715200,0
21718800,0
21722400,0
21726000,0
21729600,0
21733200,0
21736800,0
21740400,0
21744000,0
21747600,0
21751200,0
21754800,0
21758400,0
21762000,0
21765600,0
21769200,0
21772800,0
21776400,0
21780000,0
21783600,0
21787200,0
21790800,0
21794400,132.3296291
21798000,398.6904227
21801600,361.3129882
21805200,389.686142
21808800,356.3000598
21812400,394.1300269
21816000,124.5575296
21819600,0
21823200,0
21826800,0
21830400,0
21834000,0
21837600,0
21841200,0
21844800,0
21848400,0
21852000,0
21855600,0
21859200,0
21862800,0
21866400,0
21870000,0
21873600,0
21877200,0
21880800,0
21884400,0
21888000,0
21891600,0
21895200,0
21898800,0
21902400,0
21906000,0
21909600,0
21913200,0
21916800,0
21920400,0
21924000,0
21927600,0
21931200,0
21934800,0
21938400,0
21942000,0
21945600,0
21949200,0
21952800,0
21956400,0
21960000,0
21963600,47.02725344
21967200,412.282534
21970800,353.5892832
21974400,396.8593655
21978000,355.1250921
21981600,423.850662
21985200,366.1398241
21988800,353.6190612
21992400,415.9157201
21996000,362.1408531
21999600,375.4877848
22003200,397.8095316
22006800,263.474889
22010400,0
22014000,0
22017600,0
22021200,0
22024800,0
22028400,0
22032000,0
22035600,0
22039200,0
22042800,0
22046400,0
22050000,0
22053600,0
22057200,0
22060800,0
22064400,0
22068000,0
22071600,0
22075200,0
22078800,0
22082400,0
22086000,0
22089600,0
22093200,0
22096800,0
22100400,0
22104000,0
22107600,0
22111200,0
22114800,0
22118400,0
22122000,0
22125600,0
22129200,0
22132800,0
22136400,0
22140000,0
22143600,0
22147200,0
22150800,0
22154400,0
22158000,0
22161600,0
22165200,0
22168800,0
22172400,0
22176000,0
22179600,0
22183200,0
22186800,0
22190400,0
22194000,0
22197600,0
22201200,0
22204800,0
22208400,0
22212000,0
22215600,0
22219200,0
22222800,0
22226400,0
22230000,0
22233600,0
22237200,0
22240800,0
22244400,0
22248000,0
22251600,0
22255200,0
22258800,0
22262400,40.69343217
22266000,0
22269600,0
22273200,0
22276800,0
22280400,0
22284000,0
22287600,0
22291200,0
22294800,0
22298400,0
22302000,0
22305600,0
22309200,0
22312800,0
22316400,0
22320000,0
22323600,0
22327200,0
22330800,0
22334400,0
22338000,0
22341600,0
22345200,0
22348800,0
22352400,0
22356000,0
22359600,0
22363200,0
22366800,0
22370400,0
22374000,0
22377600,0
22381200,0
22384800,0
22388400,0
22392000,0
22395600,0
22399200,0
22402800,0
22406400,0
22410000,0
22413600,0
22417200,0
22420800,0
22424400,0
22428000,0
22431600,0
22435200,0
22438800,0
22442400,0
22446000,0
22449600,0
22453200,0
22456800,0
22460400,0
22464000,0
22467600,0
22471200,0
22474800,0
22478400,0
22482000,0
22485600,0
22489200,0
22492800,0
22496400,0
22500000,0
22503600,0
22507200,0
22510800,0
22514400,0
22518000,0
22521600,0
22525200,0
22528800,0
22532400,0
22536000,0
22539600,0
22543200,0
22546800,0
22550400,0
22554000,0
22557600,0
22561200,0
22564800,0
22568400,0
22572000,0
22575600,0
22579200,0
22582800,0
22586400,0
22590000,0
22593600,0
22597200,0
22600800,0
22604400,0
22608000,0
22611600,0
22615200,0
22618800,0
22622400,0
22626000,0
22629600,0
22633200,0
22636800,0
22640400,0
22644000,0
22647600,0
22651200,0
22654800,0
22658400,0
22662000,0
22665600,0
22669200,0
22672800,0
22676400,0
22680000,0
22683600,0
22687200,0
22690800,0
22694400,0
22698000,0
22701600,0
22705200,0
22708800,0
22712400,0
22716000,0
22719600,0
22723200,0
22726800,0
22730400,0
22734000,0
22737600,0
22741200,0
22744800,0
22748400,0
22752000,0
22755600,0
22759200,0
22762800,0
22766400,0
22770000,0
22773600,0
22777200,0
22780800,0
22784400,0
22788000,0
22791600,0
22795200,0
22798800,0
22802400,0
22806000,0
22809600,0
22813200,0
22816800,0
22820400,0
22824000,0
22827600,0
22831200,0
22834800,0
22838400,0
22842000,0
22845600,0
22849200,0
22852800,0
22856400,0
22860000,0
22863600,0
22867200,0
22870800,0
22874400,0
22878000,0
22881600,0
22885200,0
22888800,0
22892400,0
22896000,0
22899600,0
22903200,0
22906800,0
22910400,0
22914000,0
22917600,0
22921200,0
22924800,0
22928400,0
22932000,0
22935600,0
22939200,0
22942800,0
22946400,0
22950000,0
22953600,0
22957200,0
22960800,0
22964400,0
22968000,0
22971600,0
22975200,0
22978800,0
22982400,0
22986000,0
22989600,0
22993200,0
22996800,0
23000400,0
23004000,0
23007600,0
23011200,0
23014800,0
23018400,0
23022000,0
23025600,0
23029200,0
23032800,0
23036400,0
23040000,0
23043600,0
23047200,0
23050800,0
23054400,0
23058000,0
23061600,0
23065200,0
23068800,0
23072400,0
23076000,0
23079600,0
23083200,0
23086800,0
23090400,0
23094000,0
23097600,0
23101200,0
23104800,0
23108400,0
23112000,0
23115600,0
23119200,0
23122800,0
23126400,0
23130000,0
23133600,46.64356481
23137200,0
23140800,0
23144400,0
23148000,0
23151600,0
23155200,0
23158800,0
23162400,0
23166000,0
23169600,0
23173200,0
23176800,0
23180400,0
23184000,0
23187600,0
23191200,0
23194800,0
23198400,0
23202000,0
23205600,0
23209200,0
23212800,0
23216400,0
23220000,0
23223600,0
23227200,0
23230800,0
23234400,0
23238000,0
23241600,0
23245200,0
23248800,0
23252400,0
23256000,0
23259600,0
23263200,0
23266800,0
23270400,0
23274000,0
23277600,0
23281200,0
23284800,0
23288400,0
23292000,0
23295600,0
23299200,0
23302800,0
23306400,0
23310000,0
23313600,0
23317200,0
23320800,0
23324400,0
23328000,0
23331600,0
23335200,0
23338800,0
23342400,0
23346000,0
23349600,0
23353200,0
23356800,0
23360400,0
23364000,0
23367600,0
23371200,0
23374800,0
23378400,0
23382000,0
23385600,0
23389200,0
23392800,0
23396400,0
23400000,0
23403600,0
23407200,0
23410800,0
23414400,0
23418000,0
23421600,0
23425200,0
23428800,0
23432400,0
23436000,0
23439600,0
23443200,0
23446800,0
23450400,0
23454000,0
23457600,0
23461200,0
23464800,0
23468400,0
23472000,0
23475600,0
23479200,0
23482800,0
23486400,0
23490000,0
23493600,0
23497200,0
23500800,0
23504400,0
23508000,0
23511600,0
23515200,0
23518800,0
23522400,0
23526000,0
23529600,0
23533200,0
23536800,0
23540400,0
23544000,0
23547600,0
23551200,0
23554800,0
23558400,0
23562000,0
23565600,0
23569200,0
23572800,0
23576400,0
23580000,0
23583600,0
23587200,0
23590800,0
23594400,0
23598000,0
23601600,0
23605200,0
23608800,0
23612400,0
23616000,0
23619600,0
23623200,0
23626800,0
23630400,0
23634000,0
23637600,0
23641200,0
23644800,0
23648400,0
23652000,0
23655600,0
23659200,0
23662800,0
23666400,0
23670000,0
23673600,0
23677200,0
23680800,0
23684400,0
23688000,0
23691600,0
23695200,0
23698800,0
23702400,0
23706000,0
23709600,0
23713200,0
23716800,0
23720400,0
23724000,0
23727600,0
23731200,0
23734800,0
23738400,0
23742000,0
23745600,0
23749200,0
23752800,0
23756400,0
23760000,0
23763600,0
23767200,0
23770800,0
23774400,0
23778000,0
23781600,0
23785200,0
23788800,0
23792400,0
23796000,0
23799600,0
23803200,0
23806800,0
23810400,0
23814000,0
23817600,0
23821200,0
23824800,0
23828400,0
23832000,0
23835600,0
23839200,0
23842800,0
23846400,0
23850000,0
23853600,0
23857200,0
23860800,0
23864400,0
23868000,0
23871600,0
23875200,0
23878800,0
23882400,0
23886000,0
23889600,0
23893200,0
23896800,0
23900400,0
23904000,0
23907600,0
23911200,0
23914800,0
23918400,0
23922000,0
23925600,0
23929200,0
23932800,0
23936400,0
23940000,0
23943600,0
23947200,0
23950800,0
23954400,0
23958000,0
23961600,0
23965200,0
23968800,0
23972400,0
23976000,0
23979600,0
23983200,0
23986800,0
23990400,0
23994000,0
23997600,0
24001200,0
24004800,0
24008400,0
24012000,0
24015600,0
24019200,0
24022800,0
24026400,0
24030000,0
24033600,0
24037200,0
24040800,0
24044400,0
24048000,0
24051600,0
24055200,0
24058800,0
24062400,0
24066000,0
24069600,0
24073200,0
24076800,0
24080400,0
24084000,0
24087600,0
24091200,0
24094800,0
24098400,0
24102000,0
24105600,0
24109200,0
24112800,0
24116400,0
24120000,0
24123600,0
24127200,0
24130800,0
24134400,0
24138000,0
24141600,0
24145200,0
24148800,0
24152400,0
24156000,0
24159600,0
24163200,0
24166800,0
24170400,0
24174000,0
24177600,0
24181200,0
24184800,0
24188400,0
24192000,0
24195600,0
24199200,0
24202800,0
24206400,0
24210000,0
24213600,0
24217200,0
24220800,0
24224400,0
24228000,0
24231600,0
24235200,0
24238800,0
24242400,0
24246000,0
24249600,0
24253200,0
24256800,0
24260400,0
24264000,0
24267600,0
24271200,0
24274800,0
24278400,0
24282000,0
24285600,0
24289200,0
24292800,0
24296400,0
24300000,0
24303600,0
24307200,0
24310800,0
24314400,0
24318000,0
24321600,0
24325200,0
24328800,0
24332400,0
24336000,0
24339600,0
24343200,0
24346800,0
24350400,0
24354000,0
24357600,0
24361200,0
24364800,0
24368400,0
24372000,0
24375600,0
24379200,0
24382800,0
24386400,0
24390000,0
24393600,0
24397200,0
24400800,0
24404400,0
24408000,0
24411600,0
24415200,0
24418800,0
24422400,0
24426000,0
24429600,0
24433200,0
24436800,0
24440400,0
24444000,0
24447600,0
24451200,0
24454800,0
24458400,0
24462000,0
24465600,0
24469200,0
24472800,0
24476400,0
24480000,0
24483600,0
24487200,0
24490800,0
24494400,0
24498000,0
24501600,0
24505200,0
24508800,0
24512400,0
24516000,0
24519600,0
24523200,0
24526800,0
24530400,0
24534000,0
24537600,0
24541200,0
24544800,0
24548400,0
24552000,0
24555600,0
24559200,0
24562800,0
24566400,0
24570000,0
24573600,0
24577200,0
24580800,0
24584400,0
24588000,0
24591600,0
24595200,0
24598800,0
24602400,0
24606000,0
24609600,0
24613200,0
24616800,0
24620400,0
24624000,0
24627600,0
24631200,0
24634800,0
24638400,0
24642000,0
24645600,0
24649200,0
24652800,0
24656400,0
24660000,0
24663600,0
24667200,0
24670800,0
24674400,0
24678000,0
24681600,0
24685200,0
24688800,0
24692400,0
24696000,0
24699600,0
24703200,0
24706800,0
24710400,0
24714000,0
24717600,0
24721200,0
24724800,0
24728400,0
24732000,0
24735600,0
24739200,0
24742800,0
24746400,0
24750000,0
24753600,0
24757200,0
24760800,0
24764400,0
24768000,0
24771600,0
24775200,0
24778800,0
24782400,0
24786000,0
24789600,0
24793200,0
24796800,0
24800400,0
24804000,0
24807600,0
24811200,0
24814800,0
24818400,0
24822000,0
24825600,0
24829200,0
24832800,0
24836400,0
24840000,0
24843600,0
24847200,0
24850800,0
24854400,0
24858000,0
24861600,0
24865200,0
24868800,0
24872400,0
24876000,0
24879600,0
24883200,0
24886800,0
24890400,0
24894000,0
24897600,0
24901200,0
24904800,0
24908400,0
24912000,0
24915600,0
24919200,0
24922800,0
24926400,0
24930000,0
24933600,0
24937200,0
24940800,0
24944400,0
24948000,0
24951600,0
24955200,0
24958800,0
24962400,0
24966000,0
24969600,0
24973200,0
24976800,0
24980400,0
24984000,0
24987600,0
24991200,0
24994800,0
24998400,0
25002000,0
25005600,0
25009200,0
25012800,0
25016400,0
25020000,0
25023600,0
25027200,0
25030800,0
25034400,0
25038000,0
25041600,0
25045200,0
25048800,0
25052400,0
25056000,0
25059600,0
25063200,0
25066800,0
25070400,0
25074000,0
25077600,0
25081200,0
25084800,0
25088400,0
25092000,0
25095600,0
25099200,0
25102800,0
25106400,0
25110000,0
25113600,0
25117200,0
25120800,0
25124400,0
25128000,0
25131600,0
25135200,0
25138800,0
25142400,0
25146000,0
25149600,0
25153200,0
25156800,0
25160400,0
25164000,0
25167600,0
25171200,0
25174800,0
25178400,0
25182000,0
25185600,0
25189200,0
25192800,0
25196400,0
25200000,0
25203600,0
25207200,0
25210800,0
25214400,0
25218000,0
25221600,0
25225200,0
25228800,0
25232400,0
25236000,0
25239600,0
25243200,0
25246800,0
25250400,0
25254000,0
25257600,0
25261200,0
25264800,0
25268400,0
25272000,0
25275600,0
25279200,0
25282800,0
25286400,0
25290000,0
25293600,0
25297200,0
25300800,0
25304400,0
25308000,0
25311600,0
25315200,0
25318800,0
25322400,0
25326000,0
25329600,0
25333200,0
25336800,0
25340400,0
25344000,0
25347600,0
25351200,0
25354800,0
25358400,0
25362000,0
25365600,0
25369200,0
25372800,0
25376400,0
25380000,0
25383600,0
25387200,0
25390800,0
25394400,0
25398000,0
25401600,0
25405200,0
25408800,0
25412400,0
25416000,0
25419600,0
25423200,0
25426800,0
25430400,0
25434000,0
25437600,0
25441200,0
25444800,0
25448400,0
25452000,0
25455600,0
25459200,0
25462800,0
25466400,0
25470000,0
25473600,0
25477200,0
25480800,0
25484400,0
25488000,0
25491600,0
25495200,0
25498800,0
25502400,0
25506000,0
25509600,0
25513200,0
25516800,0
25520400,0
25524000,0
25527600,0
25531200,0
25534800,0
25538400,0
25542000,0
25545600,0
25549200,0
25552800,0
25556400,0
25560000,0
25563600,0
25567200,0
25570800,0
25574400,0
25578000,0
25581600,0
25585200,0
25588800,0
25592400,0
25596000,0
25599600,0
25603200,0
25606800,0
25610400,0
25614000,0
25617600,0
25621200,0
25624800,0
25628400,0
25632000,0
25635600,0
25639200,0
25642800,0
25646400,0
25650000,0
25653600,0
25657200,0
25660800,0
25664400,0
25668000,0
25671600,0
25675200,0
25678800,0
25682400,0
25686000,0
25689600,0
25693200,0
25696800,0
25700400,0
25704000,0
25707600,0
25711200,0
25714800,0
25718400,0
25722000,0
25725600,0
25729200,0
25732800,0
25736400,0
25740000,0
25743600,0
25747200,0
25750800,0
25754400,0
25758000,0
25761600,0
25765200,0
25768800,0
25772400,0
25776000,0
25779600,0
25783200,0
25786800,0
25790400,0
25794000,0
25797600,0
25801200,0
25804800,0
25808400,0
25812000,0
25815600,0
25819200,0
25822800,0
25826400,0
25830000,0
25833600,0
25837200,0
25844400,0
25848000,0
25851600,0
25855200,0
25858800,0
25862400,0
25866000,0
25869600,0
25873200,0
25876800,0
25880400,0
25884000,0
25887600,0
25891200,0
25894800,0
25898400,0
25902000,0
25905600,0
25909200,0
25912800,0
25916400,0
25920000,0
25923600,0
25927200,0
25930800,0
25934400,0
25938000,0
25941600,0
25945200,0
25948800,0
25952400,0
25956000,0
25959600,0
25963200,0
25966800,0
25970400,0
25974000,0
25977600,0
25981200,0
25984800,0
25988400,0
25992000,0
25995600,0
25999200,0
26002800,0
26006400,0
26010000,0
26013600,0
26017200,0
26020800,0
26024400,0
26028000,0
26031600,0
26035200,0
26038800,0
26042400,0
26046000,0
26049600,0
26053200,0
26056800,0
26060400,0
26064000,0
26067600,0
26071200,0
26074800,0
26078400,0
26082000,0
26085600,0
26089200,0
26092800,0
26096400,0
26100000,0
26103600,0
26107200,0
26110800,0
26114400,0
26118000,0
26121600,0
26125200,0
26128800,0
26132400,540.914
26136000,2237.981481
26139600,2140.702481
26143200,545.6176
26146800,602.0608
26150400,409.2132
26154000,404.5096
26157600,573.8392
26161200,448.2008639
26164800,331.4660639
26168400,438.4729639
26172000,487.1124639
26175600,487.1124639
26179200,389.8334639
26182800,399.5613639
26186400,399.5613639
26190000,350.9218639
26193600,409.2892639
26197200,409.2892639
26200800,360.6497639
26204400,329.252
26208000,333.9556
26211600,333.9556
26215200,0
26218800,319.8448
26222400,376.288
26226000,817.7080807
26229600,573.8392
26233200,380.9916
26236800,413.9168
26240400,432.7312
26244000,409.2132
26247600,564.9356639
26251200,506.5682639
26254800,613.5751639
26258400,603.8472639
26262000,652.4867639
26265600,545.4798639
26269200,496.8403639
26272800,399.5613639
26276400,350.9218639
26280000,467.6566639
26283600,350.9218639
26287200,360.6497639
26290800,362.1772
26294400,333.9556
26298000,362.1772
26301600,357.4736
26305200,404.5096
26308800,0
26312400,409.2132
26316000,460.9528
26319600,759.3406807
26323200,545.6176
26326800,385.6952
26330400,409.2132
26334000,448.2008639
26337600,399.5613639
26341200,301.0304
26344800,301.0304
26348400,321.7381639
26352000,331.4660639
26355600,321.7381639
26359200,389.8334639
26362800,399.5613639
26366400,350.9218639
26370000,350.9218639
26373600,350.9218639
26377200,366.8808
26380800,333.9556
26384400,333.9556
26388000,362.1772
26391600,390.3988
26395200,352.77
26398800,0
26402400,380.9916
26406000,329.252
26409600,301.0304
26413200,324.5484
26416800,329.252
26420400,296.3268
26424000,301.0304
26427600,305.734
26431200,301.0304
26434800,341.1939639
26438400,301.0304
26442000,380.1055639
26445600,331.4660639
26449200,331.4660639
26452800,341.1939639
26456400,350.9218639
26460000,409.2892639
26463600,333.9556
26467200,338.6592
26470800,333.9556
26474400,338.6592
26478000,362.1772
26481600,409.2132
26485200,484.4708
26488800,540.914
26492400,866.3475807
26496000,1216.551981
26499600,1158.184581
26503200,934.4428807
26506800,1119.425964
26510400,1168.065464
26514000,1138.881764
26517600,1129.153864
26521200,1168.065464
26524800,1323.711864
26528400,1255.616564
26532000,487.1124639
26535600,389.8334639
26539200,457.9287639
26542800,409.2892639
26546400,526.0240639
26550000,338.6592
26553600,390.3988
26557200,390.3988
26560800,395.1024
26564400,333.9556
26568000,413.9168
26571600,559.7284
26575200,1401.382081
26578800,1031.721881
26582400,1158.184581
26586000,1002.538181
26589600,934.4428807
26593200,1187.521264
26596800,1236.160764
26600400,1138.881764
26604000,1138.881764
26607600,1401.535064
26611200,1255.616564
26614800,1265.344464
26618400,428.7450639
26622000,380.1055639
26625600,457.9287639
26629200,350.9218639
26632800,409.2892639
26636400,423.324
26640000,362.1772
26643600,390.3988
26647200,418.6204
26650800,390.3988
26654400,437.4348
26658000,564.432
26661600,1508.388981
26665200,1313.830981
26668800,1274.919381
26672400,1109.545081
26676000,1099.817181
26679600,1352.895564
26683200,1284.800264
26686800,1294.528164
26690400,1304.256064
26694000,1323.711864
26697600,1430.718764
26701200,1362.623464
26704800,428.7450639
26708400,438.4729639
26712000,457.9287639
26715600,457.9287639
26719200,419.0171639
26722800,362.1772
26726400,362.1772
26730000,362.1772
26733600,395.1024
26737200,413.9168
26740800,357.4736
26744400,564.432
26748000,1401.382081
26751600,1138.728781
26755200,1109.545081
26758800,1002.538181
26762400,983.0823807
26766000,1304.256064
26769600,1294.528164
26773200,1129.153864
26776800,1197.249164
26780400,1343.167664
26784000,1265.344464
26787600,1362.623464
26791200,428.7450639
26794800,389.8334639
26798400,341.1939639
26802000,350.9218639
26805600,350.9218639
26809200,333.9556
26812800,338.6592
26816400,362.1772
26820000,362.1772
26823600,362.1772
26827200,385.6952
26830800,564.432
26834400,1391.654181
26838000,1206.824081
26841600,1158.184581
26845200,1051.177681
26848800,1109.545081
26852400,1343.167664
26856000,1459.902464
26859600,1187.521264
26863200,1304.256064
26866800,788.6773639
26870400,817.8610639
26874000,759.4936639
26877600,545.4798639
26881200,438.4729639
26884800,457.9287639
26888400,409.2892639
26892000,409.2892639
26895600,395.1024
26899200,390.3988
26902800,366.8808
26906400,362.1772
26910000,418.6204
26913600,385.6952
26917200,540.914
26920800,564.432
26924400,569.1356
26928000,550.3212
26931600,517.396
26935200,602.0608
26938800,778.9494639
26942400,730.3099639
26946000,399.5613639
26949600,341.1939639
26953200,389.8334639
26956800,438.4729639
26960400,380.1055639
26964000,438.4729639
26967600,296.3268
26971200,341.1939639
26974800,305.734
26978400,310.4376
26982000,333.9556
26985600,338.6592
26989200,338.6592
26992800,333.9556
26996400,333.9556
27000000,333.9556
27003600,352.77
27007200,357.4736
27010800,352.77
27014400,329.252
27018000,296.3268
27021600,329.252
27025200,272.8088
27028800,341.1939639
27032400,277.5124
27036000,272.8088
27039600,399.5613639
27043200,389.8334639
27046800,331.4660639
27050400,268.1052
27054000,380.1055639
27057600,301.0304
27061200,310.4376
27064800,277.5124
27068400,310.4376
27072000,310.4376
27075600,305.734
27079200,305.734
27082800,310.4376
27086400,329.252
27090000,484.4708
27093600,507.9888
27097200,460.9528
27100800,413.9168
27104400,652.3337807
27108000,759.3406807
27111600,1022.146964
27115200,1119.425964
27118800,973.5074639
27122400,1187.521264
27126000,1177.793364
27129600,1158.337564
27133200,1148.609664
27136800,321.7381639
27140400,331.4660639
27144000,301.0304
27147600,350.9218639
27151200,305.734
27154800,338.6592
27158400,338.6592
27162000,305.734
27165600,338.6592
27169200,305.734
27172800,329.252
27176400,484.4708
27180000,1177.640381
27183600,924.7149807
27187200,934.4428807
27190800,827.4359807
27194400,827.4359807
27198000,1129.153864
27201600,1070.786464
27205200,1070.786464
27208800,1022.146964
27212400,1070.786464
27216000,1099.970164
27219600,1031.874864
27223200,321.7381639
27226800,389.8334639
27230400,341.1939639
27234000,409.2892639
27237600,409.2892639
27241200,338.6592
27244800,310.4376
27248400,333.9556
27252000,362.1772
27255600,338.6592
27259200,301.0304
27262800,484.4708
27266400,1177.640381
27270000,1148.456681
27273600,1051.177681
27277200,934.4428807
27280800,1002.538181
27284400,1226.432864
27288000,1187.521264
27291600,1138.881764
27295200,1187.521264
27298800,1294.528164
27302400,1265.344464
27306000,1255.616564
27309600,428.7450639
27313200,438.4729639
27316800,399.5613639
27320400,419.0171639
27324000,467.6566639
27327600,395.1024
27331200,418.6204
27334800,395.1024
27338400,390.3988
27342000,395.1024
27345600,409.2132
27349200,564.432
27352800,1284.647281
27356400,1090.089281
27360000,992.8102807
27363600,1051.177681
27367200,1002.538181
27370800,1187.521264
27374400,1245.888664
27378000,1080.514364
27381600,1080.514364
27385200,1177.793364
27388800,1255.616564
27392400,1362.623464
27396000,487.1124639
27399600,380.1055639
27403200,399.5613639
27406800,350.9218639
27410400,409.2892639
27414000,338.6592
27417600,338.6592
27421200,362.1772
27424800,395.1024
27428400,390.3988
27432000,413.9168
27435600,536.2104
27439200,1343.014681
27442800,1255.463581
27446400,1109.545081
27450000,992.8102807
27453600,885.8033807
27457200,1236.160764
27460800,1168.065464
27464400,1187.521264
27468000,1304.256064
27471600,1168.065464
27475200,1313.983964
27478800,1362.623464
27482400,487.1124639
27486000,438.4729639
27489600,350.9218639
27493200,350.9218639
27496800,409.2892639
27500400,395.1024
27504000,366.8808
27507600,418.6204
27511200,338.6592
27514800,390.3988
27518400,357.4736
27522000,512.6924
27525600,1197.096181
27529200,1031.721881
27532800,1002.538181
27536400,1099.817181
27540000,1031.721881
27543600,1382.079264
27547200,1440.446664
27550800,506.5682639
27554400,506.5682639
27558000,380.1055639
27561600,438.4729639
27565200,438.4729639
27568800,428.7450639
27572400,496.8403639
27576000,516.2961639
27579600,467.6566639
27583200,467.6566639
27586800,423.324
27590400,395.1024
27594000,423.324
27597600,423.324
27601200,390.3988
27604800,418.6204
27608400,404.5096
27612000,409.2132
27615600,409.2132
27619200,404.5096
27622800,380.9916
27626400,324.5484
27630000,331.4660639
27633600,331.4660639
27637200,301.0304
27640800,341.1939639
27644400,341.1939639
27648000,438.4729639
27651600,370.3776639
27655200,389.8334639
27658800,380.1055639
27662400,399.5613639
27666000,409.2892639
27669600,409.2892639
27673200,338.6592
27676800,366.8808
27680400,366.8808
27684000,366.8808
27687600,362.1772
27691200,357.4736
27694800,507.9888
27698400,730.1569807
27702000,691.2453807
27705600,597.3572
27709200,642.6058807
27712800,642.6058807
27716400,885.9563639
27720000,876.2284639
27723600,778.9494639
27727200,944.3237639
27730800,885.9563639
27734400,973.5074639
27738000,866.5005639
27741600,749.7657639
27745200,496.8403639
27748800,399.5613639
27752400,409.2892639
27756000,360.6497639
27759600,366.8808
27763200,366.8808
27766800,338.6592
27770400,362.1772
27774000,333.9556
27777600,333.9556
27781200,507.9888
27784800,730.1569807
27788400,564.432
27792000,652.3337807
27795600,545.6176
27799200,597.3572
27802800,885.9563639
27806400,992.9632639
27810000,827.5889639
27813600,837.3168639
27817200,944.3237639
27820800,1090.242264
27824400,866.5005639
27828000,749.7657639
27831600,487.1124639
27835200,409.2892639
27838800,409.2892639
27842400,360.6497639
27846000,395.1024
27849600,395.1024
27853200,423.324
27856800,395.1024
27860400,390.3988
27864000,413.9168
27867600,559.7284
27871200,730.1569807
27874800,642.6058807
27878400,662.0616807
27882000,662.0616807
27885600,578.5428
27889200,671.9425639
27892800,905.4121639
27896400,778.9494639
27900000,740.0378639
27903600,778.9494639
27907200,1090.242264
27910800,915.1400639
27914400,749.7657639
27918000,545.4798639
27921600,457.9287639
27925200,477.3845639
27928800,642.7588639
27932400,479.7672
27936000,399.806
27939600,366.8808
27943200,451.5456
27946800,390.3988
27950400,413.9168
27954000,587.95
27957600,846.8917807
27961200,749.6127807
27964800,759.3406807
27968400,759.3406807
27972000,759.3406807
27975600,1099.970164
27979200,885.9563639
27982800,788.6773639
27986400,788.6773639
27990000,1158.337564
27993600,1206.977064
27997200,1187.521264
28000800,973.5074639
28004400,662.2146639
28008000,633.0309639
28011600,584.3914639
28015200,652.4867639
28018800,451.5456
28022400,479.7672
28026000,451.5456
28029600,451.5456
28033200,503.2852
28036800,470.36
28040400,613.4221807
28044000,1226.279881
28047600,914.9870807
28051200,720.4290807
28054800,827.4359807
28058400,613.4221807
28062000,730.3099639
28065600,730.3099639
28069200,740.0378639
28072800,788.6773639
28076400,778.9494639
28080000,759.4936639
28083600,817.8610639
28087200,584.3914639
28090800,296.3268
28094400,272.8088
28098000,282.216
28101600,249.2908
28105200,282.216
28108800,225.7728
28112400,221.0692
28116000,253.9944
28119600,253.9944
28123200,244.5872
28126800,376.288
28130400,592.6536
28134000,512.6924
28137600,512.6924
28141200,522.0996
28144800,432.7312
28148400,759.4936639
28152000,885.9563639
28155600,720.5820639
28159200,555.2077639
28162800,268.1052
28166400,487.1124639
28170000,594.1193639
28173600,428.7450639
28177200,380.1055639
28180800,457.9287639
28184400,409.2892639
28188000,584.3914639
28191600,451.5456
28195200,507.9888
28198800,507.9888
28202400,451.5456
28206000,503.2852
28209600,583.2464
28213200,739.8848807
28216800,856.6196807
28220400,681.5174807
28224000,788.5243807
28227600,730.1569807
28231200,559.7284
28234800,924.8679639
28238400,837.3168639
28242000,740.0378639
28245600,730.3099639
28249200,730.3099639
28252800,769.2215639
28256400,759.4936639
28260000,759.4936639
28263600,759.4936639
28267200,788.6773639
28270800,759.4936639
28274400,710.8541639
28278000,479.7672
28281600,512.6924
28285200,479.7672
28288800,475.0636
28292400,475.0636
28296000,470.36
28299600,992.8102807
28303200,1693.219081
28306800,1673.763281
28310400,1595.940081
28314000,1547.300581
28317600,1206.824081
28321200,1635.004664
28324800,1790.651064
28328400,1810.106864
28332000,2004.664864
28335600,1994.936964
28339200,1878.202164
28342800,1644.732564
28346400,1051.330664
28350000,710.8541639
28353600,740.0378639
28357200,759.4936639
28360800,769.2215639
28364400,564.432
28368000,540.914
28371600,536.2104
28375200,559.7284
28378800,739.8848807
28382400,578.5428
28386000,1051.177681
28389600,1732.130681
28393200,2286.620981
28396800,2111.518781
28400400,1994.783981
28404000,1916.960781
28407600,2131.127564
28411200,2043.576464
28414800,1790.651064
28418400,1985.209064
28422000,1965.753264
28425600,2111.671764
28429200,1829.562664
28432800,1158.337564
28436400,866.5005639
28440000,740.0378639
28443600,808.1331639
28447200,769.2215639
28450800,564.432
28454400,536.2104
28458000,536.2104
28461600,564.432
28465200,559.7284
28468800,578.5428
28472400,1420.837881
28476000,2101.790881
28479600,2237.981481
28483200,2014.239781
28486800,1946.144481
28490400,1907.232881
28494000,1907.385864
28497600,1907.385864
28501200,1780.923164
28504800,2053.304364
28508400,2043.576464
28512000,2753.713164
28515600,2422.964564
28519200,934.5958639
28522800,817.8610639
28526400,740.0378639
28530000,759.4936639
28533600,827.5889639
28537200,691.2453807
28540800,749.6127807
28544400,807.9801807
28548000,749.6127807
28551600,798.2522807
28555200,817.7080807
28558800,1790.498081
28562400,2802.199681
28566000,2636.825381
28569600,2704.920681
28573200,2267.165181
28576800,2344.988381
28580400,2520.243564
28584000,2354.869264
28587600,2364.597164
28591200,2529.971464
28594800,2880.175864
28598400,2938.543264
28602000,2598.066764
28605600,1129.153864
28609200,876.2284639
28612800,788.6773639
28616400,866.5005639
28620000,1051.330664
28623600,691.2453807
28627200,597.3572
28630800,587.95
28634400,564.432
28638000,531.5068
28641600,550.3212
28645200,1304.103081
28648800,2743.832281
28652400,2559.002181
28656000,2374.172081
28659600,2208.797781
28663200,2189.341981
28666800,2481.331964
28670400,2345.141364
28674000,2063.032264
28677600,2335.413464
28681200,2267.318164
28684800,2413.236664
28688400,2335.413464
28692000,895.6842639
28695600,808.1331639
28699200,730.3099639
28702800,759.4936639
28706400,710.8541639
28710000,536.2104
28713600,536.2104
28717200,536.2104
28720800,536.2104
28724400,587.95
28728000,526.8032
28731600,1488.933181
28735200,2841.111281
28738800,2753.560181
28742400,2597.913781
28746000,2451.995281
28749600,2315.804681
28753200,2617.522564
28756800,2529.971464
28760400,1051.330664
28764000,817.8610639
28767600,652.4867639
28771200,642.7588639
28774800,642.7588639
28778400,691.3983639
28782000,652.4867639
28785600,623.3030639
28789200,710.8541639
28792800,652.4867639
28796400,536.2104
28800000,479.7672
28803600,484.4708
28807200,507.9888
28810800,507.9888
28814400,526.8032
28818000,512.6924
28821600,507.9888
28825200,512.6924
28828800,493.878
28832400,489.1744
28836000,512.6924
28839600,652.4867639
28843200,555.2077639
28846800,341.1939639
28850400,730.3099639
28854000,710.8541639
28857600,652.4867639
28861200,642.7588639
28864800,701.1262639
28868400,652.4867639
28872000,681.6704639
28875600,701.1262639
28879200,652.4867639
28882800,512.6924
28886400,507.9888
28890000,456.2492
28893600,451.5456
28897200,475.0636
28900800,470.36
28904400,1197.096181
28908000,2860.567081
28911600,2607.641681
28915200,2053.151381
28918800,1965.600281
28922400,1897.504981
28926000,1780.923164
28929600,1226.432864
28933200,1216.704964
28936800,1430.718764
28940400,1576.637264
28944000,1508.541964
28947600,1284.800264
28951200,837.3168639
28954800,545.4798639
28958400,272.8088
28962000,350.9218639
28965600,360.6497639
28969200,371.5844
28972800,338.6592
28976400,371.5844
28980000,366.8808
28983600,338.6592
28987200,357.4736
28990800,555.0248
28994400,1313.830981
28998000,1751.586481
29001600,1557.028481
29005200,1167.912481
29008800,1109.545081
29012400,1323.711864
29016000,1382.079264
29019600,1002.691164
29023200,1430.718764
29026800,1586.365164
29030400,1625.276764
29034000,1343.167664
29037600,847.0447639
29041200,594.1193639
29044800,448.2008639
29048400,360.6497639
29052000,594.1193639
29055600,428.0276
29059200,479.7672
29062800,399.806
29066400,423.324
29070000,479.7672
29073600,442.1384
29077200,662.0616807
29080800,1644.579581
29084400,2237.981481
29088000,1722.402781
29091600,1605.667981
29095200,1430.565781
29098800,1703.099964
29102400,2101.943864
29106000,1946.297464
29109600,2101.943864
29113200,2335.413464
29116800,2267.318164
29120400,2043.576464
29124000,847.0447639
29127600,603.8472639
29131200,457.9287639
29134800,526.0240639
29138400,487.1124639
29142000,451.5456
29145600,371.5844
29149200,395.1024
29152800,428.0276
29156400,423.324
29160000,442.1384
29163600,934.4428807
29167200,2461.723181
29170800,2296.348881
29174400,2160.158281
29178000,1994.783981
29181600,1994.783981
29185200,2189.494964
29188800,2043.576464
29192400,1887.930064
29196000,2208.950764
29199600,2306.229764
29203200,2325.685564
29206800,2101.943864
29210400,847.0447639
29214000,710.8541639
29217600,633.0309639
29221200,642.7588639
29224800,710.8541639
29228400,456.2492
29232000,456.2492
29235600,428.0276
29239200,423.324
29242800,428.0276
29246400,442.1384
29250000,1051.177681
29253600,1751.586481
29257200,1848.865481
29260800,1780.770181
29264400,1566.756381
29268000,1547.300581
29271600,1537.725664
29275200,1605.820964
29278800,1498.814064
29282400,1664.188364
29286000,1693.372064
29289600,1732.283664
29293200,1557.181464
29296800,915.1400639
29300400,652.4867639
29304000,516.2961639
29307600,419.0171639
29311200,477.3845639
29314800,428.0276
29318400,399.806
29322000,423.324
29325600,456.2492
29329200,423.324
29332800,418.6204
29336400,953.8986807
29340000,1780.770181
29343600,1576.484281
29347200,1654.307481
29350800,1751.586481
29354400,1634.851681
29358000,1917.113764
29361600,1926.841664
29365200,1333.439764
29368800,778.9494639
29372400,603.8472639
29376000,545.4798639
29379600,594.1193639
29383200,594.1193639
29386800,613.5751639
29390400,574.6635639
29394000,584.3914639
29397600,603.8472639
29401200,451.5456
29404800,456.2492
29408400,423.324
29412000,451.5456
29415600,423.324
29419200,418.6204
29422800,460.9528
29426400,460.9528
29430000,432.7312
29433600,437.4348
29437200,460.9528
29440800,432.7312
29444400,545.4798639
29448000,613.5751639
29451600,564.9356639
29455200,564.9356639
29458800,564.9356639
29462400,603.8472639
29466000,545.4798639
29469600,594.1193639
29473200,545.4798639
29476800,623.3030639
29480400,652.4867639
29484000,545.4798639
29487600,484.4708
29491200,451.5456
29494800,456.2492
29498400,428.0276
29502000,484.4708
29505600,465.6564
29509200,1177.640381
29512800,1780.770181
29516400,1994.783981
29520000,2199.069881
29523600,2082.335081
29527200,1955.872381
29530800,2228.406564
29534400,2092.215964
29538000,1712.827864
29541600,2004.664864
29545200,1994.936964
29548800,1965.753264
29552400,1683.644164
29556000,1080.514364
29559600,710.8541639
29563200,574.6635639
29566800,594.1193639
29570400,603.8472639
29574000,428.0276
29577600,456.2492
29581200,540.914
29584800,484.4708
29588400,507.9888
29592000,526.8032
29595600,512.6924
29599200,632.8779807
29602800,642.6058807
29606400,681.5174807
29610000,632.8779807
29613600,623.1500807
29617200,876.2284639
29620800,885.9563639
29624400,885.9563639
29628000,905.4121639
29631600,885.9563639
29635200,885.9563639
29638800,866.5005639
29642400,817.8610639
29646000,710.8541639
29649600,691.3983639
29653200,769.2215639
29656800,603.8472639
29660400,512.6924
29664000,540.914
29667600,540.914
29671200,507.9888
29674800,536.2104
29678400,498.5816
29682000,1216.551981
29685600,1907.232881
29689200,2053.151381
29692800,2053.151381
29696400,1994.783981
29700000,2033.695581
29703600,2228.406564
29707200,2179.767064
29710800,1907.385864
29714400,2082.488064
29718000,2131.127564
29721600,2160.311264
29725200,1868.474264
29728800,1440.446664
29732400,817.8610639
29736000,798.4052639
29739600,769.2215639
29743200,778.9494639
29746800,573.8392
29750400,540.914
29754000,642.6058807
29757600,512.6924
29761200,569.1356
29764800,578.5428
29768400,1265.191481
29772000,1858.593381
29775600,2023.967681
29779200,2043.423481
29782800,2228.253581
29786400,1955.872381
29790000,2374.325064
29793600,2072.760164
29797200,2082.488064
29800800,2208.950764
29804400,2247.862364
29808000,2218.678664
29811600,2082.488064
29815200,1547.453564
29818800,934.5958639
29822400,856.7726639
29826000,944.3237639
29829600,895.6842639
29833200,569.1356
29836800,597.3572
29840400,642.6058807
29844000,652.3337807
29847600,749.6127807
29851200,720.4290807
29854800,1702.946981
29858400,2062.879281
29862000,2179.614081
29865600,2228.253581
29869200,2403.355781
29872800,2344.988381
29876400,2422.964564
29880000,2150.583364
29883600,2374.325064
29887200,2315.957664
29890800,2296.501864
29894400,2306.229764
29898000,2033.848564
29901600,1012.419064
29905200,759.4936639
29908800,574.6635639
29912400,701.1262639
29916000,778.9494639
29919600,512.6924
29923200,517.396
29926800,540.914
29930400,484.4708
29934000,507.9888
29937600,531.5068
29941200,1381.926281
29944800,1926.688681
29948400,2130.974581
29952000,1897.504981
29955600,1780.770181
29959200,1732.130681
29962800,1994.936964
29966400,2043.576464
29970000,944.3237639
29973600,613.5751639
29977200,496.8403639
29980800,535.7519639
29984400,535.7519639
29988000,584.3914639
29991600,603.8472639
29995200,633.0309639
29998800,594.1193639
30002400,652.4867639
30006000,460.9528
30009600,399.806
30013200,479.7672
30016800,456.2492
30020400,512.6924
30024000,559.7284
30027600,484.4708
30031200,460.9528
30034800,428.0276
30038400,432.7312
30042000,432.7312
30045600,399.806
30049200,428.7450639
30052800,389.8334639
30056400,399.5613639
30060000,399.5613639
30063600,389.8334639
30067200,438.4729639
30070800,496.8403639
30074400,428.7450639
30078000,535.7519639
30081600,574.6635639
30085200,526.0240639
30088800,603.8472639
30092400,484.4708
30096000,545.6176
30099600,540.914
30103200,484.4708
30106800,479.7672
30110400,493.878
30114000,1702.946981
30117600,2276.893081
30121200,2549.274281
30124800,2218.525681
30128400,2179.614081
30132000,2043.423481
30135600,2335.413464
30139200,2228.406564
30142800,1810.106864
30146400,2082.488064
30150000,2170.039164
30153600,2257.590264
30157200,1810.106864
30160800,1226.432864
30164400,701.1262639
30168000,691.3983639
30171600,710.8541639
30175200,827.5889639
30178800,517.396
30182400,540.914
30186000,540.914
30189600,484.4708
30193200,536.2104
30196800,526.8032
30200400,671.7895807
30204000,1090.089281
30207600,1060.905581
30211200,1051.177681
30214800,817.7080807
30218400,2383.899981
30222000,2199.222864
30225600,2082.488064
30229200,1703.099964
30232800,1926.841664
30236400,1956.025364
30240000,1994.936964
30243600,1664.188364
30247200,1070.786464
30250800,817.8610639
30254400,623.3030639
30258000,652.4867639
30261600,603.8472639
30265200,484.4708
30268800,512.6924
30272400,512.6924
30276000,484.4708
30279600,536.2104
30283200,526.8032
30286800,1479.205281
30290400,2296.348881
30294000,2237.981481
30297600,2121.246681
30301200,1955.872381
30304800,1712.674881
30308400,2024.120664
30312000,1975.481164
30315600,1868.474264
30319200,2092.215964
30322800,2063.032264
30326400,2150.583364
30330000,2345.141364
30333600,1070.786464
30337200,701.1262639
30340800,798.4052639
30344400,652.4867639
30348000,662.2146639
30351600,484.4708
30355200,484.4708
30358800,512.6924
30362400,512.6924
30366000,536.2104
30369600,470.36
30373200,1537.572681
30376800,2811.927581
30380400,2948.118181
30384000,2568.730081
30387600,2471.451081
30391200,1897.504981
30394800,2617.522564
30398400,2636.978364
30402000,2549.427264
30405600,2384.052964
30409200,2568.883064
30412800,2539.699364
30416400,2257.590264
30420000,788.6773639
30423600,594.1193639
30427200,516.2961639
30430800,652.4867639
30434400,545.4798639
30438000,456.2492
30441600,456.2492
30445200,484.4708
30448800,428.0276
30452400,479.7672
30456000,470.36
30459600,1381.926281
30463200,3025.941381
30466800,2520.090581
30470400,2403.355781
30474000,2315.804681
30477600,2130.974581
30481200,2481.331964
30484800,2218.678664
30488400,2170.039164
30492000,2218.678664
30495600,2345.141364
30499200,2364.597164
30502800,2092.215964
30506400,788.6773639
30510000,603.8472639
30513600,399.5613639
30517200,477.3845639
30520800,370.3776639
30524400,399.806
30528000,428.0276
30531600,456.2492
30535200,540.914
30538800,512.6924
30542400,503.2852
30546000,1109.545081
30549600,1887.777081
30553200,1683.491181
30556800,1819.681781
30560400,1722.402781
30564000,1712.674881
30567600,1936.569564
30571200,1878.202164
30574800,954.0516639
30578400,613.5751639
30582000,545.4798639
30585600,535.7519639
30589200,535.7519639
30592800,545.4798639
30596400,545.4798639
30600000,633.0309639
30603600,535.7519639
30607200,535.7519639
30610800,432.7312
30614400,456.2492
30618000,428.0276
30621600,460.9528
30625200,451.5456
30628800,507.9888
30632400,460.9528
30636000,456.2492
30639600,489.1744
30643200,460.9528
30646800,413.9168
30650400,432.7312
30654000,555.2077639
30657600,448.2008639
30661200,341.1939639
30664800,506.5682639
30668400,603.8472639
30672000,603.8472639
30675600,545.4798639
30679200,594.1193639
30682800,603.8472639
30686400,564.9356639
30690000,652.4867639
30693600,545.4798639
30697200,460.9528
30700800,484.4708
30704400,456.2492
30708000,428.0276
30711600,564.432
30715200,583.2464
30718800,1654.307481
30722400,2607.641681
30726000,2773.015981
30729600,2276.893081
30733200,1955.872381
30736800,1916.960781
30740400,1849.018464
30744000,2413.236664
30747600,1586.365164
30751200,1819.834764
30754800,2277.046064
30758400,1887.930064
30762000,1391.807164
30765600,905.4121639
30769200,652.4867639
30772800,574.6635639
30776400,477.3845639
30780000,545.4798639
30783600,399.806
30787200,484.4708
30790800,573.8392
30794400,399.806
30798000,399.806
30801600,385.6952
30805200,1109.545081
30808800,2140.702481
30812400,1576.484281
30816000,1547.300581
30819600,1576.484281
30823200,1566.756381
30826800,1771.195264
30830400,1722.555764
30834000,1557.181464
30837600,1858.746364
30841200,1965.753264
30844800,1849.018464
30848400,1576.637264
30852000,1129.153864
30855600,769.2215639
30859200,740.0378639
30862800,652.4867639
30866400,603.8472639
30870000,517.396
30873600,456.2492
30877200,489.1744
30880800,512.6924
30884400,456.2492
30888000,413.9168
30891600,1167.912481
30895200,1907.232881
30898800,1683.491181
30902400,1167.912481
30906000,1119.272981
30909600,1060.905581
30913200,1236.160764
30916800,1236.160764
30920400,963.7795639
30924000,1294.528164
30927600,1061.058564
30931200,380.1055639
30934800,370.3776639
30938400,211.662
30942000,159.9224
30945600,136.4044
30949200,145.8116
30952800,141.108
30956400,174.0332
30960000,141.108
30963600,145.8116
30967200,141.108
30970800,145.8116
30974400,141.108
30978000,268.1052
30981600,376.288
30985200,216.3656
30988800,79.9612
30992400,221.0692
30996000,192.8476
30999600,159.9224
31003200,136.4044
31006800,131.7008
31010400,136.4044
31014000,136.4044
31017600,159.9224
31021200,136.4044
31024800,103.4792
31028400,169.3296
31032000,136.4044
31035600,145.8116
31039200,141.108
31042800,145.8116
31046400,169.3296
31050000,174.0332
31053600,145.8116
31057200,141.108
31060800,84.6648
31064400,164.626
31068000,164.626
31071600,164.626
31075200,136.4044
31078800,136.4044
31082400,136.4044
31086000,131.7008
31089600,169.3296
31093200,136.4044
31096800,197.5512
31100400,136.4044
31104000,136.4044
31107600,136.4044
31111200,136.4044
31114800,136.4044
31118400,136.4044
31122000,141.108
31125600,145.8116
31129200,174.0332
31132800,141.108
31136400,206.9584
31140000,197.5512
31143600,202.2548
31147200,169.3296
31150800,136.4044
31154400,192.8476
31158000,221.0692
31161600,216.3656
31165200,216.3656
31168800,216.3656
31172400,188.144
31176000,221.0692
31179600,192.8476
31183200,197.5512
31186800,192.8476
31190400,188.144
31194000,164.626
31197600,159.9224
31201200,136.4044
31204800,141.108
31208400,141.108
31212000,145.8116
31215600,174.0332
31219200,117.59
31222800,141.108
31226400,145.8116
31230000,145.8116
31233600,141.108
31237200,136.4044
31240800,164.626
31244400,136.4044
31248000,136.4044
31251600,136.4044
31255200,136.4044
31258800,159.9224
31262400,136.4044
31266000,136.4044
31269600,169.3296
31273200,164.626
31276800,136.4044
31280400,108.1828
31284000,131.7008
31287600,164.626
31291200,141.108
31294800,141.108
31298400,145.8116
31302000,145.8116
31305600,141.108
31309200,174.0332
31312800,174.0332
31316400,202.2548
31320000,192.8476
31323600,188.144
31327200,136.4044
31330800,164.626
31334400,216.3656
31338000,188.144
31341600,216.3656
31345200,211.662
31348800,211.662
31352400,239.8836
31356000,192.8476
31359600,159.9224
31363200,131.7008
31366800,216.3656
31370400,183.4404
31374000,216.3656
31377600,169.3296
31381200,197.5512
31384800,202.2548
31388400,202.2548
31392000,230.4764
31395600,202.2548
31399200,197.5512
31402800,202.2548
31406400,221.0692
31410000,244.5872
31413600,239.8836
31417200,216.3656
31420800,192.8476
31424400,188.144
31428000,216.3656
31431600,211.662
31435200,211.662
31438800,244.5872
31442400,192.8476
31446000,188.144
31449600,216.3656
31453200,211.662
31456800,183.4404
31460400,188.144
31464000,197.5512
31467600,225.7728
31471200,202.2548
31474800,202.2548
31478400,202.2548
31482000,197.5512
31485600,202.2548
31489200,230.4764
31492800,225.7728
31496400,211.662
31500000,216.3656
31503600,244.5872
31507200,192.8476
31510800,216.3656
31514400,239.8836
31518000,211.662
31521600,216.3656
31525200,188.144
31528800,136.4044
31532400,131.7008
